{"matrix_with_context":[[1,0.9237868937967405,0.6576605631976371,0.737544897130348,0.81429444204748158,0.74110574870396628,0.63135375081592382,0.66946987211284359,0.068393360620739807,0.023750919969273782,0,0,0,0],[0.9237868937967405,1,0.77475024407828419,0.87099219668878736,0.91335582996733766,0.83801418019047558,1,1,0.16529617667111993,0.10097928530584227,0,0,0,0],[0.6576605631976371,0.77475024407828419,1,0.79197031841522392,0.68049963816715942,0.62043190647442548,0.068393360620739807,0.16529617667111993,0.367993311389692,0.16529617667111993,0.011999098976908526,0.068393360620739807,0.16529617667111993,0],[0.737544897130348,0.87099219668878736,0.79197031841522392,1,0.76646943453263383,0.68049963816715942,0.16529617667111993,0.32568784022388853,0.52173098990921374,0.21042811478322881,0.016392641167004989,0.43942422276410337,0.32568784022388853,0],[0.81429444204748158,0.91335582996733766,0.68049963816715942,0.76646943453263383,1,0.79641865773734644,0.32568784022388853,0.52173098990921374,0.16529617667111993,0.11734011782473977,0.016392641167004989,0.16529617667111993,0.16529617667111993,0],[0.74110574870396628,0.83801418019047558,0.62043190647442548,0.68049963816715942,0.79641865773734644,1,0.16529617667111993,0.25218762567544,0.10097928530584227,0.087874376711873176,0.011999098976908526,0.068393360620739807,0.068393360620739807,0],[0.63135375081592382,1,0.068393360620739807,0.16529617667111993,0.32568784022388853,0.16529617667111993,1,1,0.82929087416122771,0.61664838769664443,0.38738178682260033,1,1,0.40570061213457737],[0.66946987211284359,1,0.16529617667111993,0.32568784022388853,0.52173098990921374,0.25218762567544,1,1,0.82929087416122771,0.61664838769664443,0.38738178682260033,1,1,0.40570061213457737],[0.068393360620739807,0.16529617667111993,0.367993311389692,0.52173098990921374,0.16529617667111993,0.10097928530584227,0.82929087416122771,0.82929087416122771,1,0.59656183305962562,0.32568784022388853,0.782466108322267,0.76646943453263383,0.32568784022388853],[0.023750919969273782,0.10097928530584227,0.16529617667111993,0.21042811478322881,0.11734011782473977,0.087874376711873176,0.61664838769664443,0.61664838769664443,0.59656183305962562,1,0.24060777066588548,0.46970564488467387,0.49700969553598839,0.22473070243894697],[0,0,0.011999098976908526,0.016392641167004989,0.016392641167004989,0.011999098976908526,0.38738178682260033,0.38738178682260033,0.32568784022388853,0.24060777066588548,1,0.5695571072448129,0.503418149216112,0.305986602951492],[0,0,0.068393360620739807,0.43942422276410337,0.16529617667111993,0.068393360620739807,1,1,0.782466108322267,0.46970564488467387,0.5695571072448129,1,1,0.46970564488467387],[0,0,0.16529617667111993,0.32568784022388853,0.16529617667111993,0.068393360620739807,1,1,0.76646943453263383,0.49700969553598839,0.503418149216112,1,1,0.66946987211284359],[0,0,0,0,0,0,0.40570061213457737,0.40570061213457737,0.32568784022388853,0.22473070243894697,0.305986602951492,0.46970564488467387,0.66946987211284359,1]],"matrix_without_context":[[1,0.74794679924355634,0.40570061213457737,0.023750919969273782,0.4144824997410867,0.32568784022388853,0.84954912628525936,0.92190648315005508,0.58348764142472931,0.10097928530584227,0.068393360620739807,0.22473070243894697,0.016392641167004989,0],[0.74794679924355634,1,0.43942422276410337,0.049501276671065977,0.43942422276410337,0.38738178682260033,0.73388534398155536,0.81429444204748158,0.60885440507873478,0.26348866736294896,0.054807239502536013,0.32568784022388853,0.068393360620739807,0.0091647995840171727],[0.40570061213457737,0.43942422276410337,1,0.35165932462127825,0.26793175283660747,0.27178351098514891,0.43942422276410337,0.58348764142472931,0.71395404202537516,0.28526904819372234,0.029461036605717937,0.29054636929714839,0.10097928530584227,0.029461036605717937],[0.023750919969273782,0.049501276671065977,0.35165932462127825,1,0.011999098976908526,0.03753427281233495,0.068393360620739807,0.10097928530584227,0.10097928530584227,0,0,0.049501276671065977,0,0],[0.4144824997410867,0.43942422276410337,0.26793175283660747,0.011999098976908526,1,0.26100126021657916,0.4144824997410867,0.49700969553598839,0.32568784022388853,0.21042811478322881,0.044938057663749864,0.23589722086215964,0.054807239502536013,0.0072294319155411183],[0.32568784022388853,0.38738178682260033,0.27178351098514891,0.03753427281233495,0.26100126021657916,1,0.37920794444445788,0.42302470364712408,0.34745605695383575,0.16529617667111993,0.059701327867116627,0.11734011782473977,0.031832942175295559,0.0040555704522478525],[0.84954912628525936,0.73388534398155536,0.43942422276410337,0.068393360620739807,0.4144824997410867,0.37920794444445788,1,0.93974732960849294,0.74794679924355634,0.22473070243894697,0.03753427281233495,0.27812910984475858,0.087874376711873176,0.011999098976908526],[0.92190648315005508,0.81429444204748158,0.58348764142472931,0.10097928530584227,0.49700969553598839,0.42302470364712408,0.93974732960849294,1,1,0.26793175283660747,0.12709828237865858,0.4837036383374641,0.16529617667111993,0.016392641167004989],[0.58348764142472931,0.60885440507873478,0.71395404202537516,0.10097928530584227,0.32568784022388853,0.34745605695383575,0.74794679924355634,1,1,0.45797472464962458,0.23589722086215964,0.74794679924355634,0.3578733656260219,0.12709828237865858],[0.10097928530584227,0.26348866736294896,0.28526904819372234,0,0.21042811478322881,0.16529617667111993,0.22473070243894697,0.26793175283660747,0.45797472464962458,1,0.031832942175295559,0.26348866736294896,0.16529617667111993,0.016392641167004989],[0.068393360620739807,0.054807239502536013,0.029461036605717937,0,0.044938057663749864,0.059701327867116627,0.03753427281233495,0.12709828237865858,0.23589722086215964,0.031832942175295559,1,0.21660451007200782,0.079173757109080284,0.049501276671065977],[0.22473070243894697,0.32568784022388853,0.29054636929714839,0.049501276671065977,0.23589722086215964,0.11734011782473977,0.27812910984475858,0.4837036383374641,0.74794679924355634,0.26348866736294896,0.21660451007200782,1,0.302605583653328,0.11033862621988332],[0.016392641167004989,0.068393360620739807,0.10097928530584227,0,0.054807239502536013,0.031832942175295559,0.087874376711873176,0.16529617667111993,0.3578733656260219,0.16529617667111993,0.079173757109080284,0.302605583653328,1,0.0058489631431305625],[0,0.0091647995840171727,0.029461036605717937,0,0.0072294319155411183,0.0040555704522478525,0.011999098976908526,0.016392641167004989,0.12709828237865858,0.016392641167004989,0.049501276671065977,0.11033862621988332,0.0058489631431305625,1]]}