{"matrix_with_context":[[1,1,0,0.16529617667111993,0.16529617667111993,0,0,0,0,0.16529617667111993,0,0,0,0,0,0,0],[1,1,0,0.16529617667111993,0.16529617667111993,0,0,0,0,0,0,0,0,0,0,0,0],[0,0,1,0,0,0,0,0.0029768564767243791,0,0.0034538575892268568,0,0.0034538575892268568,0.0040555704522478525,0,0,0.0040555704522478525,0.0040555704522478525],[0.16529617667111993,0.16529617667111993,0,1,0.81608923673222156,0,0.718173939325141,0.80068132633020217,0,0.84205044201905843,0.86551495514281218,0.83801418019047558,0.88906797073604538,0.86551495514281218,0.86551495514281218,0.9109175168146969,0.90833807169528191],[0.16529617667111993,0.16529617667111993,0,0.81608923673222156,1,0,0.63135375081592382,0.74285039249990992,0,0.77205572242034937,0.75755963235550883,0.76646943453263383,0.79641865773734644,0.75755963235550883,0.75755963235550883,0.82929087416122771,0.82456797807736715],[0,0,0,0,0,1,0,0,0.86551495514281218,0,0,0,0,0,0,0,0],[0,0,0,0.718173939325141,0.63135375081592382,0,1,0.69330224607801139,0,0.75443744939597512,0.82929087416122771,0.718173939325141,0.81957697688458475,0.8337666549946805,0.8337666549946805,0.81429444204748158,0.82456797807736715],[0,0,0.0029768564767243791,0.80068132633020217,0.74285039249990992,0,0.69330224607801139,1,0,0.85303806821857564,0.79641865773734644,0.83520698322546949,0.85955267948711633,0.78967270465186667,0.802746616928881,0.88504069074476588,0.8909777033503703],[0,0,0,0,0,0.86551495514281218,0,0,1,0,0,0,0,0,0,0,0],[0.16529617667111993,0,0.0034538575892268568,0.84205044201905843,0.77205572242034937,0,0.75443744939597512,0.85303806821857564,0,1,0.88504069074476588,0.89633202970679726,0.92728861586556688,0.88071027878047436,0.88504069074476588,0.94498467729659308,0.95018133510065639],[0,0,0,0.86551495514281218,0.75755963235550883,0,0.82929087416122771,0.79641865773734644,0,0.88504069074476588,1,0.87099219668878736,1,1,1,1,1],[0,0,0.0034538575892268568,0.83801418019047558,0.76646943453263383,0,0.718173939325141,0.83520698322546949,0,0.89633202970679726,0.87099219668878736,1,0.91785296792380566,0.86551495514281218,0.87099219668878736,0.94856172512354742,0.94498467729659308],[0,0,0.0040555704522478525,0.88906797073604538,0.79641865773734644,0,0.81957697688458475,0.85955267948711633,0,0.92728861586556688,1,0.91785296792380566,1,1,1,1,1],[0,0,0,0.86551495514281218,0.75755963235550883,0,0.8337666549946805,0.78967270465186667,0,0.88071027878047436,1,0.86551495514281218,1,1,1,1,1],[0,0,0,0.86551495514281218,0.75755963235550883,0,0.8337666549946805,0.802746616928881,0,0.88504069074476588,1,0.87099219668878736,1,1,1,1,1],[0,0,0.0040555704522478525,0.9109175168146969,0.82929087416122771,0,0.81429444204748158,0.88504069074476588,0,0.94498467729659308,1,0.94856172512354742,1,1,1,1,1],[0,0,0.0040555704522478525,0.90833807169528191,0.82456797807736715,0,0.82456797807736715,0.8909777033503703,0,0.95018133510065639,1,0.94498467729659308,1,1,1,1,1]],"matrix_without_context":[[1,1,0.27812910984475858,1,0.43942422276410337,0,0,0,0,0,0,0,0,0,0,0,1],[1,1,0.302605583653328,1,0.32568784022388853,0,0,0,0,0,0,0,0,0,0,0,1],[0.27812910984475858,0.302605583653328,1,0.10097928530584227,0.082275448418156774,0,0,0,0.011999098976908526,0,0,0,0,0,0,0,0.011999098976908526],[1,1,0.10097928530584227,1,0.84589079041384407,0,0.58348764142472931,0.78967270465186667,1,1,0.32568784022388853,1,1,1,0,0.82929087416122771,1],[0.43942422276410337,0.32568784022388853,0.082275448418156774,0.84589079041384407,1,0,0.25218762567544,0.61664838769664443,0.16529617667111993,0.52173098990921374,0.16529617667111993,0.66946987211284359,0.58348764142472931,0.32568784022388853,0.16529617667111993,0.38738178682260033,0.66946987211284359],[0,0,0,0,0,1,0,0.068393360620739807,1,1,0.16529617667111993,1,0,0,0,0.16529617667111993,1],[0,0,0,0.58348764142472931,0.25218762567544,0,1,0.56470905735878529,0,0.74794679924355634,0.737544897130348,0.79641865773734644,0.782466108322267,0.86551495514281218,0.82929087416122771,0.58348764142472931,0.81957697688458475],[0,0,0,0.78967270465186667,0.61664838769664443,0.068393360620739807,0.56470905735878529,1,0.068393360620739807,0.78967270465186667,0.46970564488467387,0.86831043418409337,0.80869414296759312,0.4837036383374641,0.25218762567544,0.77205572242034937,0.86259838045151771],[0,0,0.011999098976908526,1,0.16529617667111993,1,0,0.068393360620739807,1,1,0.16529617667111993,1,0,0,0,0.16529617667111993,1],[0,0,0,1,0.52173098990921374,1,0.74794679924355634,0.78967270465186667,1,1,0.58348764142472931,1,1,1,0,0.90833807169528191,1],[0,0,0,0.32568784022388853,0.16529617667111993,0.16529617667111993,0.737544897130348,0.46970564488467387,0.16529617667111993,0.58348764142472931,1,0.66946987211284359,0.58348764142472931,0.90833807169528191,0.88906797073604538,0.38738178682260033,0.66946987211284359],[0,0,0,1,0.66946987211284359,1,0.79641865773734644,0.86831043418409337,1,1,0.66946987211284359,1,1,1,1,0.94683328843174164,1],[0,0,0,1,0.58348764142472931,0,0.782466108322267,0.80869414296759312,0,1,0.58348764142472931,1,1,1,1,0.93478051224678316,1],[0,0,0,1,0.32568784022388853,0,0.86551495514281218,0.4837036383374641,0,1,0.90833807169528191,1,1,1,1,0.52173098990921374,1],[0,0,0,0,0.16529617667111993,0,0.82929087416122771,0.25218762567544,0,0,0.88906797073604538,1,1,1,1,0,1],[0,0,0,0.82929087416122771,0.38738178682260033,0.16529617667111993,0.58348764142472931,0.77205572242034937,0.16529617667111993,0.90833807169528191,0.38738178682260033,0.94683328843174164,0.93478051224678316,0.52173098990921374,0,1,0.94498467729659308],[1,1,0.011999098976908526,1,0.66946987211284359,1,0.81957697688458475,0.86259838045151771,1,1,0.66946987211284359,1,1,1,1,0.94498467729659308,1]]}