{"matrix_with_context":[[1,0.12276874354363791,0.16529617667111993,0,0,0,0,0.0091647995840171727,0.0072294319155411183,0.0072294319155411183,0.0091647995840171727,0,0,0,0,0,0,0],[0.12276874354363791,1,0.802746616928881,0,0,0,0,0.32568784022388853,0.16529617667111993,0.16529617667111993,0.25218762567544,0.0072294319155411183,0,0,0,0,0,0],[0.16529617667111993,0.802746616928881,1,0,0,0,0,1,0.43942422276410337,0.43942422276410337,1,0.011999098976908526,0,0,0,0,0,0],[0,0,0,1,0.57241561265017238,0.75443744939597512,0.85303806821857564,0,0.068393360620739807,0,0,0,0.016392641167004989,0,0,0,0,0],[0,0,0,0.57241561265017238,1,0.533229525239399,0.5695571072448129,0,0,0,0,0,0.04668351201829516,0,0,0,0,0],[0,0,0,0.75443744939597512,0.533229525239399,1,0.737544897130348,0,0,0,0,0,0.013938903334611591,0,0,0,0,0],[0,0,0,0.85303806821857564,0.5695571072448129,0.737544897130348,1,0,0,0,0,0.1957469410690782,0.019560431003895665,0,0,0,0,0],[0.0091647995840171727,0.32568784022388853,1,0,0,0,0,1,0.9237868937967405,0.91993097384579448,1,0.16529617667111993,0,0,0,0,0,0],[0.0072294319155411183,0.16529617667111993,0.43942422276410337,0.068393360620739807,0,0,0,0.9237868937967405,1,0.85636909672498807,0.9237868937967405,0.13816512106135553,0,0,0,0,0,0],[0.0072294319155411183,0.16529617667111993,0.43942422276410337,0,0,0,0,0.91993097384579448,0.85636909672498807,1,0.9237868937967405,0.13816512106135553,0,0.16529617667111993,0.016392641167004989,0,0.16529617667111993,0.16529617667111993],[0.0091647995840171727,0.25218762567544,1,0,0,0,0,1,0.9237868937967405,0.9237868937967405,1,0.16529617667111993,0,0,0,0,0,0],[0,0.0072294319155411183,0.011999098976908526,0,0,0,0.1957469410690782,0.16529617667111993,0.13816512106135553,0.13816512106135553,0.16529617667111993,1,0,0,0.0048296546113252709,0,0,0],[0,0,0,0.016392641167004989,0.04668351201829516,0.013938903334611591,0.019560431003895665,0,0,0,0,0,1,0.0058489631431305625,0.0029768564767243791,0.0058489631431305625,0.0058489631431305625,0.0058489631431305625],[0,0,0,0,0,0,0,0,0,0.16529617667111993,0,0,0.0058489631431305625,1,0.74794679924355634,1,1,1],[0,0,0,0,0,0,0,0,0,0.016392641167004989,0,0.0048296546113252709,0.0029768564767243791,0.74794679924355634,1,0.74285039249990992,0.74285039249990992,0.74794679924355634],[0,0,0,0,0,0,0,0,0,0,0,0,0.0058489631431305625,1,0.74285039249990992,1,1,1],[0,0,0,0,0,0,0,0,0,0.16529617667111993,0,0,0.0058489631431305625,1,0.74285039249990992,1,1,1],[0,0,0,0,0,0,0,0,0,0.16529617667111993,0,0,0.0058489631431305625,1,0.74794679924355634,1,1,1]],"matrix_without_context":[[1,0.32568784022388853,0.26348866736294896,0.0072294319155411183,0,0,0.0040555704522478525,0.03753427281233495,0.077204123756325377,0.0927848763623698,0.10097928530584227,0.018408999651278343,0,0,0,0,0,0.011999098976908526],[0.32568784022388853,1,0.782466108322267,0.10097928530584227,0.023750919969273782,0,0.068393360620739807,0.21660451007200782,0.1957469410690782,0.27812910984475858,0.29054636929714839,0.079173757109080284,0,0,0.068393360620739807,0.16529617667111993,0,0.32568784022388853],[0.26348866736294896,0.782466108322267,1,0.03753427281233495,0,0,0.03753427281233495,0.13816512106135553,0.16529617667111993,0.367993311389692,0.3578733656260219,0.10097928530584227,0,0,0.068393360620739807,0.16529617667111993,0,0.16529617667111993],[0.0072294319155411183,0.10097928530584227,0.03753427281233495,1,0.57241561265017238,0.59656183305962562,0.19148399940098593,0.023750919969273782,0.0091647995840171727,0.023750919969273782,0.016392641167004989,0,0.10097928530584227,0,0,0,0,0],[0,0.023750919969273782,0,0.57241561265017238,1,0.49176719594574542,0.11734011782473977,0.019560431003895665,0.023750919969273782,0.016392641167004989,0,0,0.18373584572403368,0,0,0,0,0],[0,0,0,0.59656183305962562,0.49176719594574542,1,0.029461036605717937,0.044938057663749864,0.029461036605717937,0.023750919969273782,0,0,0.057790890043389789,0,0,0,0,0],[0.0040555704522478525,0.068393360620739807,0.03753427281233495,0.19148399940098593,0.11734011782473977,0.029461036605717937,1,0.027346467968911305,0.016392641167004989,0.082275448418156774,0.044938057663749864,0.033128761365810756,0.023750919969273782,0.0091647995840171727,0.011999098976908526,0.016392641167004989,0.016392641167004989,0.016392641167004989],[0.03753427281233495,0.21660451007200782,0.13816512106135553,0.023750919969273782,0.019560431003895665,0.044938057663749864,0.027346467968911305,1,0.077204123756325377,0.11734011782473977,0.019560431003895665,0.018408999651278343,0.010438766674641539,0,0,0,0,0],[0.077204123756325377,0.1957469410690782,0.16529617667111993,0.0091647995840171727,0.023750919969273782,0.029461036605717937,0.016392641167004989,0.077204123756325377,1,0.36224629726423152,0.23173853555738505,0.010438766674641539,0.0034538575892268568,0,0,0,0,0.016392641167004989],[0.0927848763623698,0.27812910984475858,0.367993311389692,0.023750919969273782,0.016392641167004989,0.023750919969273782,0.082275448418156774,0.11734011782473977,0.36224629726423152,1,0.475391062573035,0.031832942175295559,0.0058489631431305625,0,0.03753427281233495,0,0,0],[0.10097928530584227,0.29054636929714839,0.3578733656260219,0.016392641167004989,0,0,0.044938057663749864,0.019560431003895665,0.23173853555738505,0.475391062573035,1,0.0040555704522478525,0,0.016392641167004989,0.068393360620739807,0.10097928530584227,0.03753427281233495,0.16529617667111993],[0.018408999651278343,0.079173757109080284,0.10097928530584227,0,0,0,0.033128761365810756,0.018408999651278343,0.010438766674641539,0.031832942175295559,0.0040555704522478525,1,0,0.016392641167004989,0.03753427281233495,0.044938057663749864,0.023750919969273782,0.044938057663749864],[0,0,0,0.10097928530584227,0.18373584572403368,0.057790890043389789,0.023750919969273782,0.010438766674641539,0.0034538575892268568,0.0058489631431305625,0,0,1,0,0,0,0,0],[0,0,0,0,0,0,0.0091647995840171727,0,0,0,0.016392641167004989,0.016392641167004989,0,1,0.81608923673222156,0.88071027878047436,0.88071027878047436,0.88071027878047436],[0,0.068393360620739807,0.068393360620739807,0,0,0,0.011999098976908526,0,0,0.03753427281233495,0.068393360620739807,0.03753427281233495,0,0.81608923673222156,1,0.93857790629280613,0.93048278580024735,0.93974732960849294],[0,0.16529617667111993,0.16529617667111993,0,0,0,0.016392641167004989,0,0,0,0.10097928530584227,0.044938057663749864,0,0.88071027878047436,0.93857790629280613,1,1,1],[0,0,0,0,0,0,0.016392641167004989,0,0,0,0.03753427281233495,0.023750919969273782,0,0.88071027878047436,0.93048278580024735,1,1,1],[0.011999098976908526,0.32568784022388853,0.16529617667111993,0,0,0,0.016392641167004989,0,0.016392641167004989,0,0.16529617667111993,0.044938057663749864,0,0.88071027878047436,0.93974732960849294,1,1,1]]}