{"matrix_with_context":[[1,0.93609741512283307,0.88291547371230727,0.88291547371230727,0.88504069074476588,0.93974732960849294,0,0,0,0,0,0,0,0,0,0,0.16529617667111993,0,0,0,0,0,0,0,0,0,0,0,0,0,0,0,0,0,0,0,0,0,0],[0.93609741512283307,1,0.93857790629280613,0.93197692469577953,0.93478051224678316,1,0.16529617667111993,0.16529617667111993,0.16529617667111993,0,0,0,0,0,0,0,1,0,0,0,0,0,0,0,0,0,0,0,0,0,0,0,0,0,0,0,0,0,0],[0.88291547371230727,0.93857790629280613,1,0.87842050966637164,0.88291547371230727,0.9440113212095137,0.16529617667111993,0.25218762567544,0.068393360620739807,0.43942422276410337,0.25218762567544,0.43942422276410337,0.43942422276410337,0.32568784022388853,0.32568784022388853,0.43942422276410337,0.43942422276410337,0.52173098990921374,0.43942422276410337,0.068393360620739807,0.52173098990921374,0.32568784022388853,0.16529617667111993,0.43942422276410337,0.16529617667111993,0.43942422276410337,0.32568784022388853,0.16529617667111993,0.16529617667111993,0.32568784022388853,0.16529617667111993,0.32568784022388853,0.32568784022388853,0.16529617667111993,0.32568784022388853,0.16529617667111993,0.32568784022388853,0.16529617667111993,0.32568784022388853],[0.88291547371230727,0.93197692469577953,0.87842050966637164,1,0.88291547371230727,0.93974732960849294,0,0,0,0,0,0,0,0,0,0,0.16529617667111993,0.16529617667111993,0,0,0.16529617667111993,0,0,0,0,0,0,0,0,0,0,0,0,0.16529617667111993,0,0,0,0,0.16529617667111993],[0.88504069074476588,0.93478051224678316,0.88291547371230727,0.88291547371230727,1,0.93974732960849294,0,0,0,0,0,0,0,0,0,0,0.16529617667111993,0,0,0,0,0,0,0,0,0,0,0,0,0,0,0,0,0,0,0,0,0,0],[0.93974732960849294,1,0.9440113212095137,0.93974732960849294,0.93974732960849294,1,0,0,0,0,0.16529617667111993,0,0,0,1,0,1,1,0,0,1,0,0,0,1,0,0,1,1,0,1,0,0,0,0,1,0,0,1],[0,0.16529617667111993,0.16529617667111993,0,0,0,1,0.95695775465238764,0.95917883375441049,0.98003861652509527,0.95695775465238764,0.97925328980937143,0.97825522082030225,0.97883698969254718,0.97897760032906933,0.97855004912862342,0.979521842238246,0.97978353121345318,0.97925328980937143,0.9599537688004347,0.97732001725077688,0.98016376042896269,0.95837331860380215,0.97869448546225957,0.97855004912862342,0.98040939924851633,0.97883698969254718,0.97840364113074629,0.97810474642391165,0.97825522082030225,0.97810474642391165,0.97855004912862342,0.97840364113074629,0.97764056327477145,0.97869448546225957,0.97810474642391165,0.97965352810746376,0.95695775465238764,0.97825522082030225],[0,0.16529617667111993,0.25218762567544,0,0,0,0.95695775465238764,1,0.95544253789949773,0.97630075851314579,0.95381676287276362,0.97647694946122177,0.976650540060027,0.97537867403288925,0.97556878660053958,0.97647694946122177,0.97682158745266234,0.97612190834791557,0.97630075851314579,0.95242816618006232,0.975755985874124,0.97594033830729732,0.95133066438196145,0.97518557963307839,0.97479016026423959,0.97682158745266234,0.97594033830729732,0.97479016026423959,0.97438193527018457,0.97498943269620231,0.974172824690047,0.97537867403288925,0.97498943269620231,0.974172824690047,0.97630075851314579,0.97438193527018457,0.97630075851314579,0.95018133510065639,0.97479016026423959],[0,0.16529617667111993,0.068393360620739807,0,0,0,0.95917883375441049,0.95544253789949773,1,0.97855004912862342,0.95347726836153646,0.97855004912862342,0.97612190834791557,0.97810474642391165,0.97825522082030225,0.97682158745266234,0.97810474642391165,0.97840364113074629,0.97869448546225957,0.95809770308056652,0.97518557963307839,0.97869448546225957,0.95666301100150919,0.97779746241769616,0.97779746241769616,0.97897760032906933,0.97795217500394871,0.97795217500394871,0.97748143089273254,0.97779746241769616,0.97732001725077688,0.97779746241769616,0.97779746241769616,0.97699014712015164,0.97682158745266234,0.97764056327477145,0.97748143089273254,0.95575405498662258,0.97779746241769616],[0,0,0.43942422276410337,0,0,0,0.98003861652509527,0.97630075851314579,0.97855004912862342,1,0.97764056327477145,1,1,1,1,1,1,1,1,0.98633296431237039,1,1,0.986391745978314,1,1,1,1,1,1,1,1,1,1,1,1,1,1,0.98475223975265247,1],[0,0,0.25218762567544,0,0,0.16529617667111993,0.95695775465238764,0.95381676287276362,0.95347726836153646,0.97764056327477145,1,0.97764056327477145,0.98064902896113815,0.97748143089273254,0.97764056327477145,0.98088286740031883,0.97795217500394871,0.97764056327477145,0.97748143089273254,0.95544253789949773,0.98040939924851633,0.97748143089273254,0.95544253789949773,0.97732001725077688,0.97699014712015164,0.97810474642391165,0.97732001725077688,0.97732001725077688,0.97682158745266234,0.97732001725077688,0.976650540060027,0.97732001725077688,0.977156272941434,0.97630075851314579,0.98088286740031883,0.97682158745266234,0.97779746241769616,0.95448110306179013,0.975755985874124],[0,0,0.43942422276410337,0,0,0,0.97925328980937143,0.97647694946122177,0.97855004912862342,1,0.97764056327477145,1,1,1,1,1,1,1,1,0.98551984209913823,1,1,0.98590683046790739,1,1,1,1,1,1,1,1,1,1,1,1,1,1,0.98389870094140186,1],[0,0,0.43942422276410337,0,0,0,0.97825522082030225,0.976650540060027,0.97612190834791557,1,0.98064902896113815,1,1,1,1,1,1,1,1,0.97810474642391165,1,1,0.97779746241769616,1,1,1,1,1,1,1,1,1,1,1,1,1,1,0.97748143089273254,1],[0,0,0.32568784022388853,0,0,0,0.97883698969254718,0.97537867403288925,0.97810474642391165,1,0.97748143089273254,1,1,1,1,1,1,1,1,0.98721647228580856,1,1,0.98776044239716176,1,1,1,1,1,1,1,1,1,1,1,1,1,1,0.98609267020424207,1],[0,0,0.32568784022388853,0,0,1,0.97897760032906933,0.97556878660053958,0.97825522082030225,1,0.97764056327477145,1,1,1,1,1,1,1,1,0.9873189435088493,1,1,0.98766500895004783,1,1,1,1,1,1,1,1,1,1,1,1,1,1,0.9862736726272151,1],[0,0,0.43942422276410337,0,0,0,0.97855004912862342,0.97647694946122177,0.97682158745266234,1,0.98088286740031883,1,1,1,1,1,1,1,1,0.97810474642391165,1,1,0.97810474642391165,1,1,1,1,1,1,1,1,1,1,1,1,1,1,0.97764056327477145,1],[0.16529617667111993,1,0.43942422276410337,0.16529617667111993,0.16529617667111993,1,0.979521842238246,0.97682158745266234,0.97810474642391165,1,0.97795217500394871,1,1,1,1,1,1,1,1,0.983215378911458,1,1,0.98339158964574369,1,1,1,1,1,1,1,1,1,1,1,1,1,1,0.98207425673929782,1],[0,0,0.52173098990921374,0.16529617667111993,0,1,0.97978353121345318,0.97612190834791557,0.97840364113074629,1,0.97764056327477145,1,1,1,1,1,1,1,1,0.9873189435088493,1,1,0.9873189435088493,1,1,1,1,1,1,1,1,1,1,1,1,1,1,0.98558580931098982,1],[0,0,0.43942422276410337,0,0,0,0.97925328980937143,0.97630075851314579,0.97869448546225957,1,0.97748143089273254,1,1,1,1,1,1,1,1,0.98538607955344093,1,1,0.98558580931098982,1,1,1,1,1,1,1,1,1,1,1,1,1,1,0.98398022403482055,1],[0,0,0.068393360620739807,0,0,0,0.9599537688004347,0.95242816618006232,0.95809770308056652,0.98633296431237039,0.95544253789949773,0.98551984209913823,0.97810474642391165,0.98721647228580856,0.9873189435088493,0.97810474642391165,0.983215378911458,0.9873189435088493,0.98538607955344093,1,0.976650540060027,0.98746960672913331,0.97468932854995727,0.987112331519188,0.98700648007195935,0.983478314839487,0.98603127059619655,0.98678947371742987,0.986952899616733,0.98678947371742987,0.98678947371742987,0.98684440202039148,0.98662190183617149,0.98558580931098982,0.97779746241769616,0.98590683046790739,0.97883698969254718,0.97162508486509036,0.98429822514555],[0,0,0.52173098990921374,0.16529617667111993,0,1,0.97732001725077688,0.975755985874124,0.97518557963307839,1,0.98040939924851633,1,1,1,1,1,1,1,1,0.976650540060027,1,1,0.976650540060027,1,1,1,1,1,1,1,1,1,1,1,1,1,1,0.97630075851314579,1],[0,0,0.32568784022388853,0,0,0,0.98016376042896269,0.97594033830729732,0.97869448546225957,1,0.97748143089273254,1,1,1,1,1,1,1,1,0.98746960672913331,1,1,0.987267914070941,1,1,1,1,1,1,1,1,1,1,1,1,1,1,0.98558580931098982,1],[0,0,0.16529617667111993,0,0,0,0.95837331860380215,0.95133066438196145,0.95666301100150919,0.986391745978314,0.95544253789949773,0.98590683046790739,0.97779746241769616,0.98776044239716176,0.98766500895004783,0.97810474642391165,0.98339158964574369,0.9873189435088493,0.98558580931098982,0.97468932854995727,0.976650540060027,0.987267914070941,1,0.98812785258124158,0.98746960672913331,0.98330394919157116,0.9862736726272151,0.98746960672913331,0.98751903538156061,0.98721647228580856,0.987112331519188,0.98746960672913331,0.987112331519188,0.98621386425622948,0.97779746241769616,0.9865078053504962,0.97840364113074629,0.97260767674969972,0.98414081850960722],[0,0,0.43942422276410337,0,0,0,0.97869448546225957,0.97518557963307839,0.97779746241769616,1,0.97732001725077688,1,1,1,1,1,1,1,1,0.987112331519188,1,1,0.98812785258124158,1,1,1,1,1,1,1,1,1,1,1,1,1,1,0.9862736726272151,1],[0,0,0.16529617667111993,0,0,1,0.97855004912862342,0.97479016026423959,0.97779746241769616,1,0.97699014712015164,1,1,1,1,1,1,1,1,0.98700648007195935,1,1,0.98746960672913331,1,1,1,1,1,1,1,1,1,1,1,1,1,1,0.98609267020424207,1],[0,0,0.43942422276410337,0,0,0,0.98040939924851633,0.97682158745266234,0.97897760032906933,1,0.97810474642391165,1,1,1,1,1,1,1,1,0.983478314839487,1,1,0.98330394919157116,1,1,1,1,1,1,1,1,1,1,1,1,1,1,0.98227509791719891,1],[0,0,0.32568784022388853,0,0,0,0.97883698969254718,0.97594033830729732,0.97795217500394871,1,0.97732001725077688,1,1,1,1,1,1,1,1,0.98603127059619655,1,1,0.9862736726272151,1,1,1,1,1,1,1,1,1,1,1,1,1,1,0.98482536850946756,1],[0,0,0.16529617667111993,0,0,1,0.97840364113074629,0.97479016026423959,0.97795217500394871,1,0.97732001725077688,1,1,1,1,1,1,1,1,0.98678947371742987,1,1,0.98746960672913331,1,1,1,1,1,1,1,1,1,1,1,1,1,1,0.98603127059619655,1],[0,0,0.16529617667111993,0,0,1,0.97810474642391165,0.97438193527018457,0.97748143089273254,1,0.97682158745266234,1,1,1,1,1,1,1,1,0.986952899616733,1,1,0.98751903538156061,1,1,1,1,1,1,1,1,1,1,1,1,1,1,0.98596932644289637,1],[0,0,0.32568784022388853,0,0,0,0.97825522082030225,0.97498943269620231,0.97779746241769616,1,0.97732001725077688,1,1,1,1,1,1,1,1,0.98678947371742987,1,1,0.98721647228580856,1,1,1,1,1,1,1,1,1,1,1,1,1,1,0.9862736726272151,1],[0,0,0.16529617667111993,0,0,1,0.97810474642391165,0.974172824690047,0.97732001725077688,1,0.976650540060027,1,1,1,1,1,1,1,1,0.98678947371742987,1,1,0.987112331519188,1,1,1,1,1,1,1,1,1,1,1,1,1,1,0.98596932644289637,1],[0,0,0.32568784022388853,0,0,0,0.97855004912862342,0.97537867403288925,0.97779746241769616,1,0.97732001725077688,1,1,1,1,1,1,1,1,0.98684440202039148,1,1,0.98746960672913331,1,1,1,1,1,1,1,1,1,1,1,1,1,1,0.98596932644289637,1],[0,0,0.32568784022388853,0,0,0,0.97840364113074629,0.97498943269620231,0.97779746241769616,1,0.977156272941434,1,1,1,1,1,1,1,1,0.98662190183617149,1,1,0.987112331519188,1,1,1,1,1,1,1,1,1,1,1,1,1,1,0.9862736726272151,1],[0,0,0.16529617667111993,0.16529617667111993,0,0,0.97764056327477145,0.974172824690047,0.97699014712015164,1,0.97630075851314579,1,1,1,1,1,1,1,1,0.98558580931098982,1,1,0.98621386425622948,1,1,1,1,1,1,1,1,1,1,1,1,1,1,0.9857801532931042,1],[0,0,0.32568784022388853,0,0,0,0.97869448546225957,0.97630075851314579,0.97682158745266234,1,0.98088286740031883,1,1,1,1,1,1,1,1,0.97779746241769616,1,1,0.97779746241769616,1,1,1,1,1,1,1,1,1,1,1,1,1,1,0.977156272941434,1],[0,0,0.16529617667111993,0,0,1,0.97810474642391165,0.97438193527018457,0.97764056327477145,1,0.97682158745266234,1,1,1,1,1,1,1,1,0.98590683046790739,1,1,0.9865078053504962,1,1,1,1,1,1,1,1,1,1,1,1,1,1,0.98590683046790739,1],[0,0,0.32568784022388853,0,0,0,0.97965352810746376,0.97630075851314579,0.97748143089273254,1,0.97779746241769616,1,1,1,1,1,1,1,1,0.97883698969254718,1,1,0.97840364113074629,1,1,1,1,1,1,1,1,1,1,1,1,1,1,0.97810474642391165,1],[0,0,0.16529617667111993,0,0,0,0.95695775465238764,0.95018133510065639,0.95575405498662258,0.98475223975265247,0.95448110306179013,0.98389870094140186,0.97748143089273254,0.98609267020424207,0.9862736726272151,0.97764056327477145,0.98207425673929782,0.98558580931098982,0.98398022403482055,0.97162508486509036,0.97630075851314579,0.98558580931098982,0.97260767674969972,0.9862736726272151,0.98609267020424207,0.98227509791719891,0.98482536850946756,0.98603127059619655,0.98596932644289637,0.9862736726272151,0.98596932644289637,0.98596932644289637,0.9862736726272151,0.9857801532931042,0.977156272941434,0.98590683046790739,0.97810474642391165,1,0.98414081850960722],[0,0,0.32568784022388853,0.16529617667111993,0,1,0.97825522082030225,0.97479016026423959,0.97779746241769616,1,0.975755985874124,1,1,1,1,1,1,1,1,0.98429822514555,1,1,0.98414081850960722,1,1,1,1,1,1,1,1,1,1,1,1,1,1,0.98414081850960722,1]],"matrix_without_context":[[1,0.700507010760774,0.68574563429279045,0.85303806821857564,0.700507010760774,0.76646943453263383,0,0,0,0,0,0,0,0.068393360620739807,0,0,0,0,0,0,0,0,0,0,0,0,0,0,0,0,0.068393360620739807,0,0,0,0,0,0,0,0],[0.700507010760774,1,0.6576605631976371,0.71395404202537516,0.59656183305962562,0.66946987211284359,0,0.0072294319155411183,0,0,0,0,0,0,0,0,0,0,0,0.03753427281233495,0,0,0,0,0,0,0,0,0,0,0.03753427281233495,0,0,0,0,0,0,0,0],[0.68574563429279045,0.6576605631976371,1,0.700507010760774,0.64498740176247749,0.74794679924355634,0,0,0,0,0,0,0,0,0,0,0,0,0,0.068393360620739807,0,0,0,0,0,0,0,0,0,0,0,0,0,0,0,0,0,0,0],[0.85303806821857564,0.71395404202537516,0.700507010760774,1,0.71395404202537516,0.82929087416122771,0,0,0,0,0,0,0,0,0,0,0,0,0,0,0,0,0,0,0,0,0,0,0,0,0,0,0,0,0,0,0,0,0],[0.700507010760774,0.59656183305962562,0.64498740176247749,0.71395404202537516,1,0.63135375081592382,0,0,0,0,0,0,0,0.03753427281233495,0,0,0,0,0,0.03753427281233495,0,0,0,0,0,0,0,0,0,0,0.03753427281233495,0,0,0,0,0,0,0,0],[0.76646943453263383,0.66946987211284359,0.74794679924355634,0.82929087416122771,0.63135375081592382,1,0.016392641167004989,0,0,0,0,0,0,0,0,0,0,0,0,0.068393360620739807,0,0,0,0,0,0,0,0,0,0,0.068393360620739807,0,0,0,0,0,0,0,0],[0,0,0,0,0,0.016392641167004989,1,0.016392641167004989,0.0029768564767243791,0.58348764142472931,0.38738178682260033,0.475391062573035,0.37588203934864839,0.54845356049393934,0.58348764142472931,0.49176719594574542,0.58348764142472931,0.62043190647442548,0.58348764142472931,0.54845356049393934,0.24060777066588548,0.4144824997410867,0.49176719594574542,0.59656183305962562,0.50718819387846492,0.68574563429279045,0.67781107701750676,0.53877983779138638,0.55468612964981845,0.4837036383374641,0.3984965425184302,0.58348764142472931,0.41963602566300873,0.46243130793865689,0.4837036383374641,0.32568784022388853,0.67781107701750676,0.503418149216112,0.58348764142472931],[0,0.0072294319155411183,0,0,0,0,0.016392641167004989,1,0.087874376711873176,0.068393360620739807,0.13356650750221294,0.11033862621988332,0.19148399940098593,0.082275448418156774,0.068393360620739807,0.054807239502536013,0.11033862621988332,0.068393360620739807,0.13356650750221294,0.0091647995840171727,0.019560431003895665,0.10097928530584227,0.029461036605717937,0.10097928530584227,0.029461036605717937,0.13356650750221294,0.10097928530584227,0,0.16529617667111993,0.03753427281233495,0.054807239502536013,0.03753427281233495,0.082275448418156774,0.10097928530584227,0.13356650750221294,0.0072294319155411183,0.068393360620739807,0.13356650750221294,0.0091647995840171727],[0,0,0,0,0,0,0.0029768564767243791,0.087874376711873176,1,0,0.0058489631431305625,0.049501276671065977,0.031832942175295559,0.049501276671065977,0.019560431003895665,0.0048296546113252709,0.049501276671065977,0.057790890043389789,0.0058489631431305625,0.031832942175295559,0.0034538575892268568,0.019560431003895665,0.0048296546113252709,0.0058489631431305625,0.0048296546113252709,0.0058489631431305625,0.03753427281233495,0.019560431003895665,0.03753427281233495,0.019560431003895665,0.031832942175295559,0.03753427281233495,0.049501276671065977,0.03753427281233495,0.019560431003895665,0.0040555704522478525,0.019560431003895665,0.0058489631431305625,0.0048296546113252709],[0,0,0,0,0,0,0.58348764142472931,0.068393360620739807,0,1,1,0.92190648315005508,0.84589079041384407,0.93340820557187709,1,0.79641865773734644,0.89633202970679726,1,1,0.93048278580024735,0.46970564488467387,1,0.93478051224678316,1,0.92557890878718818,1,1,1,1,1,0.90833807169528191,1,0.90560488392429139,1,1,0.84205044201905843,1,1,0.90270379534291678],[0,0,0,0,0,0,0.38738178682260033,0.13356650750221294,0.0058489631431305625,1,1,0.74794679924355634,0.80869414296759312,0.79641865773734644,1,0.83801418019047558,0.74794679924355634,1,1,0.700507010760774,0.68049963816715942,1,0.72625338056190414,1,0.74794679924355634,1,1,1,1,1,0.700507010760774,1,0.72625338056190414,1,1,0.58348764142472931,1,1,0.74794679924355634],[0,0,0,0,0,0,0.475391062573035,0.11033862621988332,0.049501276671065977,0.92190648315005508,0.74794679924355634,1,0.65143769059785506,0.86259838045151771,0.91785296792380566,0.58348764142472931,0.76646943453263383,0.9109175168146969,0.92557890878718818,0.86259838045151771,0.38738178682260033,0.92190648315005508,0.86259838045151771,0.91335582996733766,0.84954912628525936,0.85955267948711633,0.92557890878718818,0.9109175168146969,0.9237868937967405,0.91993097384579448,0.81957697688458475,0.91785296792380566,0.84954912628525936,0.9109175168146969,0.700507010760774,0.72625338056190414,0.76646943453263383,0.91566428005117884,0.77475024407828419],[0,0,0,0,0,0,0.37588203934864839,0.19148399940098593,0.031832942175295559,0.84589079041384407,0.80869414296759312,0.65143769059785506,1,0.71395404202537516,0.84589079041384407,0.78967270465186667,0.68574563429279045,0.80869414296759312,0.85955267948711633,0.60885440507873478,0.5695571072448129,0.782466108322267,0.63135375081592382,0.81957697688458475,0.65143769059785506,0.89282284594887551,0.87099219668878736,0.72625338056190414,0.86551495514281218,0.76646943453263383,0.68574563429279045,0.80869414296759312,0.55468612964981845,0.782466108322267,0.89633202970679726,0.5442033162640002,0.80869414296759312,0.81957697688458475,0.60885440507873478],[0.068393360620739807,0,0,0,0.03753427281233495,0,0.54845356049393934,0.082275448418156774,0.049501276671065977,0.93340820557187709,0.79641865773734644,0.86259838045151771,0.71395404202537516,1,0.940873064963423,0.65143769059785506,0.81429444204748158,0.94771178421162194,0.93974732960849294,0.91215358130956836,0.46243130793865689,0.94498467729659308,0.89282284594887551,0.94498467729659308,0.91335582996733766,0.90270379534291678,0.94683328843174164,0.94856172512354742,0.95170208119026189,0.93857790629280613,0.88504069074476588,0.9563642033196601,0.89282284594887551,0.93609741512283307,0.80869414296759312,0.832300980355251,0.84589079041384407,0.93974732960849294,0.81957697688458475],[0,0,0,0,0,0,0.58348764142472931,0.068393360620739807,0.019560431003895665,1,1,0.91785296792380566,0.84589079041384407,0.940873064963423,1,0.80869414296759312,0.88906797073604538,1,1,0.95095349168693977,0.46970564488467387,1,0.95170208119026189,1,0.95242816618006232,1,1,1,1,1,0.94683328843174164,1,0.93857790629280613,1,1,0.89282284594887551,1,1,0.89633202970679726],[0,0,0,0,0,0,0.49176719594574542,0.054807239502536013,0.0048296546113252709,0.79641865773734644,0.83801418019047558,0.58348764142472931,0.78967270465186667,0.65143769059785506,0.80869414296759312,1,0.737544897130348,0.72625338056190414,0.85303806821857564,0.66946987211284359,0.53877983779138638,0.700507010760774,0.63135375081592382,0.81957697688458475,0.72625338056190414,0.88071027878047436,0.82929087416122771,0.72625338056190414,0.80869414296759312,0.74794679924355634,0.4837036383374641,0.83801418019047558,0.43942422276410337,0.76646943453263383,0.89961885562938126,0.49700969553598839,0.82929087416122771,0.782466108322267,0.66946987211284359],[0,0,0,0,0,0,0.58348764142472931,0.11033862621988332,0.049501276671065977,0.89633202970679726,0.74794679924355634,0.76646943453263383,0.68574563429279045,0.81429444204748158,0.88906797073604538,0.737544897130348,1,0.87099219668878736,0.92557890878718818,0.8337666549946805,0.4144824997410867,0.87604121144607516,0.80869414296759312,0.90560488392429139,0.802746616928881,0.91566428005117884,0.91785296792380566,0.87604121144607516,0.90270379534291678,0.87099219668878736,0.78967270465186667,0.89633202970679726,0.802746616928881,0.86551495514281218,0.82929087416122771,0.63135375081592382,0.87099219668878736,0.86551495514281218,0.802746616928881],[0,0,0,0,0,0,0.62043190647442548,0.068393360620739807,0.057790890043389789,1,1,0.9109175168146969,0.80869414296759312,0.94771178421162194,1,0.72625338056190414,0.87099219668878736,1,1,0.94498467729659308,0.43942422276410337,1,0.93857790629280613,1,0.94938448091023209,1,1,1,1,1,0.92892155650183061,1,0.93478051224678316,1,1,0.86551495514281218,1,1,0.88504069074476588],[0,0,0,0,0,0,0.58348764142472931,0.13356650750221294,0.0058489631431305625,1,1,0.92557890878718818,0.85955267948711633,0.93974732960849294,1,0.85303806821857564,0.92557890878718818,1,1,0.93340820557187709,0.5442033162640002,1,0.93478051224678316,1,0.94195751511670334,1,1,1,1,1,0.92728861586556688,1,0.92728861586556688,1,1,0.84589079041384407,1,1,0.91993097384579448],[0,0.03753427281233495,0.068393360620739807,0,0.03753427281233495,0.068393360620739807,0.54845356049393934,0.0091647995840171727,0.031832942175295559,0.93048278580024735,0.700507010760774,0.86259838045151771,0.60885440507873478,0.91215358130956836,0.95095349168693977,0.66946987211284359,0.8337666549946805,0.94498467729659308,0.93340820557187709,1,0.38738178682260033,0.94300290984055279,0.89800189622854043,0.95095349168693977,0.91452563105749973,0.88906797073604538,0.95018133510065639,0.95242816618006232,0.95095349168693977,0.93974732960849294,0.88709019935752786,0.95753537701891323,0.88504069074476588,0.93478051224678316,0.81957697688458475,0.8407275160416865,0.83801418019047558,0.94300290984055279,0.81957697688458475],[0,0,0,0,0,0,0.24060777066588548,0.019560431003895665,0.0034538575892268568,0.46970564488467387,0.68049963816715942,0.38738178682260033,0.5695571072448129,0.46243130793865689,0.46970564488467387,0.53877983779138638,0.4144824997410867,0.43942422276410337,0.5442033162640002,0.38738178682260033,1,0.367993311389692,0.4144824997410867,0.46970564488467387,0.4144824997410867,0.56470905735878529,0.49700969553598839,0.40570061213457737,0.49700969553598839,0.52173098990921374,0.29054636929714839,0.32568784022388853,0.3578733656260219,0.46970564488467387,0.68049963816715942,0.29782427989471427,0.40570061213457737,0.52173098990921374,0.3578733656260219],[0,0,0,0,0,0,0.4144824997410867,0.10097928530584227,0.019560431003895665,1,1,0.92190648315005508,0.782466108322267,0.94498467729659308,1,0.700507010760774,0.87604121144607516,1,1,0.94300290984055279,0.367993311389692,1,0.94300290984055279,1,0.94856172512354742,1,1,1,1,1,0.93857790629280613,1,0.92557890878718818,1,1,0.87099219668878736,1,1,0.90560488392429139],[0,0,0,0,0,0,0.49176719594574542,0.029461036605717937,0.0048296546113252709,0.93478051224678316,0.72625338056190414,0.86259838045151771,0.63135375081592382,0.89282284594887551,0.95170208119026189,0.63135375081592382,0.80869414296759312,0.93857790629280613,0.93478051224678316,0.89800189622854043,0.4144824997410867,0.94300290984055279,1,0.94498467729659308,0.90417627895595931,0.87099219668878736,0.95242816618006232,0.94592477446664147,0.9440113212095137,0.94683328843174164,0.88291547371230727,0.94771178421162194,0.86551495514281218,0.9373622021676894,0.76646943453263383,0.79641865773734644,0.81957697688458475,0.92728861586556688,0.81957697688458475],[0,0,0,0,0,0,0.59656183305962562,0.10097928530584227,0.0058489631431305625,1,1,0.91335582996733766,0.81957697688458475,0.94498467729659308,1,0.81957697688458475,0.90560488392429139,1,1,0.95095349168693977,0.46970564488467387,1,0.94498467729659308,1,0.9563642033196601,1,1,1,1,1,0.9373622021676894,1,0.93974732960849294,1,1,0.88291547371230727,1,1,0.91335582996733766],[0,0,0,0,0,0,0.50718819387846492,0.029461036605717937,0.0048296546113252709,0.92557890878718818,0.74794679924355634,0.84954912628525936,0.65143769059785506,0.91335582996733766,0.95242816618006232,0.72625338056190414,0.802746616928881,0.94938448091023209,0.94195751511670334,0.91452563105749973,0.4144824997410867,0.94856172512354742,0.90417627895595931,0.9563642033196601,1,0.89961885562938126,0.95512660373950886,0.95575405498662258,0.9563642033196601,0.94938448091023209,0.89282284594887551,0.96165239407974479,0.90560488392429139,0.95170208119026189,0.79641865773734644,0.85527563409290019,0.85303806821857564,0.95809770308056652,0.86259838045151771],[0,0,0,0,0,0,0.68574563429279045,0.13356650750221294,0.0058489631431305625,1,1,0.85955267948711633,0.89282284594887551,0.90270379534291678,1,0.88071027878047436,0.91566428005117884,1,1,0.88906797073604538,0.56470905735878529,1,0.87099219668878736,1,0.89961885562938126,1,1,1,1,1,0.83801418019047558,1,0.85303806821857564,1,1,0.737544897130348,1,1,0.92190648315005508],[0,0,0,0,0,0,0.67781107701750676,0.10097928530584227,0.03753427281233495,1,1,0.92557890878718818,0.87099219668878736,0.94683328843174164,1,0.82929087416122771,0.91785296792380566,1,1,0.95018133510065639,0.49700969553598839,1,0.95242816618006232,1,0.95512660373950886,1,1,1,1,1,0.94683328843174164,1,0.93478051224678316,1,1,0.87842050966637164,1,1,0.92728861586556688],[0,0,0,0,0,0,0.53877983779138638,0,0.019560431003895665,1,1,0.9109175168146969,0.72625338056190414,0.94856172512354742,1,0.72625338056190414,0.87604121144607516,1,1,0.95242816618006232,0.40570061213457737,1,0.94592477446664147,1,0.95575405498662258,1,1,1,1,1,0.9373622021676894,1,0.9373622021676894,1,1,0.87356703492623478,1,1,0.90560488392429139],[0,0,0,0,0,0,0.55468612964981845,0.16529617667111993,0.03753427281233495,1,1,0.9237868937967405,0.86551495514281218,0.95170208119026189,1,0.80869414296759312,0.90270379534291678,1,1,0.95095349168693977,0.49700969553598839,1,0.9440113212095137,1,0.9563642033196601,1,1,1,1,1,0.94592477446664147,1,0.94592477446664147,1,1,0.88291547371230727,1,1,0.9109175168146969],[0,0,0,0,0,0,0.4837036383374641,0.03753427281233495,0.019560431003895665,1,1,0.91993097384579448,0.76646943453263383,0.93857790629280613,1,0.74794679924355634,0.87099219668878736,1,1,0.93974732960849294,0.52173098990921374,1,0.94683328843174164,1,0.94938448091023209,1,1,1,1,1,0.93609741512283307,1,0.93857790629280613,1,1,0.89633202970679726,1,1,0.90270379534291678],[0.068393360620739807,0.03753427281233495,0,0,0.03753427281233495,0.068393360620739807,0.3984965425184302,0.054807239502536013,0.031832942175295559,0.90833807169528191,0.700507010760774,0.81957697688458475,0.68574563429279045,0.88504069074476588,0.94683328843174164,0.4837036383374641,0.78967270465186667,0.92892155650183061,0.92728861586556688,0.88709019935752786,0.29054636929714839,0.93857790629280613,0.88291547371230727,0.9373622021676894,0.89282284594887551,0.83801418019047558,0.94683328843174164,0.9373622021676894,0.94592477446664147,0.93609741512283307,1,0.94592477446664147,0.88291547371230727,0.93609741512283307,0.782466108322267,0.80476967288698187,0.83801418019047558,0.93857790629280613,0.83801418019047558],[0,0,0,0,0,0,0.58348764142472931,0.03753427281233495,0.03753427281233495,1,1,0.91785296792380566,0.80869414296759312,0.9563642033196601,1,0.83801418019047558,0.89633202970679726,1,1,0.95753537701891323,0.32568784022388853,1,0.94771178421162194,1,0.96165239407974479,1,1,1,1,1,0.94592477446664147,1,0.94300290984055279,1,1,0.894606618266328,1,1,0.93048278580024735],[0,0,0,0,0,0,0.41963602566300873,0.082275448418156774,0.049501276671065977,0.90560488392429139,0.72625338056190414,0.84954912628525936,0.55468612964981845,0.89282284594887551,0.93857790629280613,0.43942422276410337,0.802746616928881,0.93478051224678316,0.92728861586556688,0.88504069074476588,0.3578733656260219,0.92557890878718818,0.86551495514281218,0.93974732960849294,0.90560488392429139,0.85303806821857564,0.93478051224678316,0.9373622021676894,0.94592477446664147,0.93857790629280613,0.88291547371230727,0.94300290984055279,1,0.93609741512283307,0.782466108322267,0.82293520402247555,0.782466108322267,0.94856172512354742,0.82456797807736715],[0,0,0,0,0,0,0.46243130793865689,0.10097928530584227,0.03753427281233495,1,1,0.9109175168146969,0.782466108322267,0.93609741512283307,1,0.76646943453263383,0.86551495514281218,1,1,0.93478051224678316,0.46970564488467387,1,0.9373622021676894,1,0.95170208119026189,1,1,1,1,1,0.93609741512283307,1,0.93609741512283307,1,1,0.87356703492623478,1,1,0.88906797073604538],[0,0,0,0,0,0,0.4837036383374641,0.13356650750221294,0.019560431003895665,1,1,0.700507010760774,0.89633202970679726,0.80869414296759312,1,0.89961885562938126,0.82929087416122771,1,1,0.81957697688458475,0.68049963816715942,1,0.76646943453263383,1,0.79641865773734644,1,1,1,1,1,0.782466108322267,1,0.782466108322267,1,1,0.60885440507873478,1,1,0.80869414296759312],[0,0,0,0,0,0,0.32568784022388853,0.0072294319155411183,0.0040555704522478525,0.84205044201905843,0.58348764142472931,0.72625338056190414,0.5442033162640002,0.832300980355251,0.89282284594887551,0.49700969553598839,0.63135375081592382,0.86551495514281218,0.84589079041384407,0.8407275160416865,0.29782427989471427,0.87099219668878736,0.79641865773734644,0.88291547371230727,0.85527563409290019,0.737544897130348,0.87842050966637164,0.87356703492623478,0.88291547371230727,0.89633202970679726,0.80476967288698187,0.894606618266328,0.82293520402247555,0.87356703492623478,0.60885440507873478,1,0.58348764142472931,0.8909777033503703,0.73388534398155536],[0,0,0,0,0,0,0.67781107701750676,0.068393360620739807,0.019560431003895665,1,1,0.76646943453263383,0.80869414296759312,0.84589079041384407,1,0.82929087416122771,0.87099219668878736,1,1,0.83801418019047558,0.40570061213457737,1,0.81957697688458475,1,0.85303806821857564,1,1,1,1,1,0.83801418019047558,1,0.782466108322267,1,1,0.58348764142472931,1,1,0.85955267948711633],[0,0,0,0,0,0,0.503418149216112,0.13356650750221294,0.0058489631431305625,1,1,0.91566428005117884,0.81957697688458475,0.93974732960849294,1,0.782466108322267,0.86551495514281218,1,1,0.94300290984055279,0.52173098990921374,1,0.92728861586556688,1,0.95809770308056652,1,1,1,1,1,0.93857790629280613,1,0.94856172512354742,1,1,0.8909777033503703,1,1,0.90833807169528191],[0,0,0,0,0,0,0.58348764142472931,0.0091647995840171727,0.0048296546113252709,0.90270379534291678,0.74794679924355634,0.77475024407828419,0.60885440507873478,0.81957697688458475,0.89633202970679726,0.66946987211284359,0.802746616928881,0.88504069074476588,0.91993097384579448,0.81957697688458475,0.3578733656260219,0.90560488392429139,0.81957697688458475,0.91335582996733766,0.86259838045151771,0.92190648315005508,0.92728861586556688,0.90560488392429139,0.9109175168146969,0.90270379534291678,0.83801418019047558,0.93048278580024735,0.82456797807736715,0.88906797073604538,0.80869414296759312,0.73388534398155536,0.85955267948711633,0.90833807169528191,1]]}