{"matrix_with_context":[[1,0.63965507486536766,0.83801418019047558,0.66946987211284359,0.77738206260364073,0.22473070243894697,0.22473070243894697,0.32568784022388853,0.12709828237865858,0,0.087874376711873176,0.068393360620739807,0.068393360620739807,0.16529617667111993,0.068393360620739807,0.068393360620739807,0.068393360620739807,0.068393360620739807,0.068393360620739807,0,0.068393360620739807,0.068393360620739807,0.023750919969273782,0,0,0,0],[0.63965507486536766,1,0.74794679924355634,0.56075318675449481,0.67781107701750676,0.21042811478322881,0.21042811478322881,0.27812910984475858,0.068393360620739807,0,0.03753427281233495,0.03753427281233495,0.10097928530584227,0.03753427281233495,0.03753427281233495,0.03753427281233495,0.03753427281233495,0.03753427281233495,0.03753427281233495,0,0.03753427281233495,0.03753427281233495,0.016392641167004989,0,0.03753427281233495,0,0],[0.83801418019047558,0.74794679924355634,1,0.82456797807736715,0.91335582996733766,0.63135375081592382,0.63135375081592382,1,0.16529617667111993,0,0.16529617667111993,1,1,1,1,1,1,1,1,0,1,1,0.068393360620739807,0,1,0,0],[0.66946987211284359,0.56075318675449481,0.82456797807736715,1,0.74794679924355634,0.49700969553598839,0.49700969553598839,0.60885440507873478,0.35165932462127825,0,0.049501276671065977,0.068393360620739807,0.068393360620739807,0.068393360620739807,0.068393360620739807,0.068393360620739807,0.068393360620739807,0.068393360620739807,0.068393360620739807,0,0.068393360620739807,0.068393360620739807,0.023750919969273782,0,0,0,0],[0.77738206260364073,0.67781107701750676,0.91335582996733766,0.74794679924355634,1,0.38738178682260033,0.32568784022388853,0.58348764142472931,0.25218762567544,0.16529617667111993,0.11734011782473977,0.32568784022388853,0.32568784022388853,0.32568784022388853,0.32568784022388853,0.32568784022388853,0.32568784022388853,0.32568784022388853,0.32568784022388853,0.16529617667111993,0.32568784022388853,0.32568784022388853,0.10097928530584227,0.068393360620739807,0,0,0],[0.22473070243894697,0.21042811478322881,0.63135375081592382,0.49700969553598839,0.38738178682260033,1,0.86259838045151771,0.93048278580024735,0.67781107701750676,0.16529617667111993,0.023750919969273782,0.32568784022388853,0.32568784022388853,0.32568784022388853,0.32568784022388853,0.32568784022388853,0.32568784022388853,0.32568784022388853,0.32568784022388853,0.16529617667111993,0.16529617667111993,0.16529617667111993,0.10097928530584227,0,0.16529617667111993,0,0],[0.22473070243894697,0.21042811478322881,0.63135375081592382,0.49700969553598839,0.32568784022388853,0.86259838045151771,1,0.92728861586556688,0.700507010760774,0.16529617667111993,0.023750919969273782,0.32568784022388853,0.32568784022388853,0.32568784022388853,0.32568784022388853,0.32568784022388853,0.32568784022388853,0.32568784022388853,0.32568784022388853,0.16529617667111993,0.16529617667111993,0.16529617667111993,0.10097928530584227,0,0.16529617667111993,0,0],[0.32568784022388853,0.27812910984475858,1,0.60885440507873478,0.58348764142472931,0.93048278580024735,0.92728861586556688,1,0.75443744939597512,1,0.10097928530584227,1,1,1,1,1,1,1,1,1,1,1,0.25218762567544,0.16529617667111993,1,0,0],[0.12709828237865858,0.068393360620739807,0.16529617667111993,0.35165932462127825,0.25218762567544,0.67781107701750676,0.700507010760774,0.75443744939597512,1,0.03753427281233495,0.03753427281233495,0.16529617667111993,0.16529617667111993,0.22473070243894697,0.22473070243894697,0.22473070243894697,0.22473070243894697,0.22473070243894697,0.16529617667111993,0,0.03753427281233495,0.10097928530584227,0.087874376711873176,0,0,0,0],[0,0,0,0,0.16529617667111993,0.16529617667111993,0.16529617667111993,1,0.03753427281233495,1,0.81957697688458475,1,1,1,1,1,1,1,1,1,1,1,0.86831043418409337,0.94300290984055279,1,1,1],[0.087874376711873176,0.03753427281233495,0.16529617667111993,0.049501276671065977,0.11734011782473977,0.023750919969273782,0.023750919969273782,0.10097928530584227,0.03753427281233495,0.81957697688458475,1,0.86358450863418779,0.86551495514281218,0.86358450863418779,0.8615979108606745,0.86358450863418779,0.86358450863418779,0.86358450863418779,0.8615979108606745,0.81246436674032907,0.85073033939983977,0.8615979108606745,0.77944382180932159,0.75755963235550883,0.782466108322267,0.78732395728382543,0.79641865773734644],[0.068393360620739807,0.03753427281233495,1,0.068393360620739807,0.32568784022388853,0.32568784022388853,0.32568784022388853,1,0.16529617667111993,1,0.86358450863418779,1,1,1,1,1,1,1,1,1,1,1,0.94142030746257788,0.93857790629280613,1,1,1],[0.068393360620739807,0.10097928530584227,1,0.068393360620739807,0.32568784022388853,0.32568784022388853,0.32568784022388853,1,0.16529617667111993,1,0.86551495514281218,1,1,1,1,1,1,1,1,1,1,1,0.940873064963423,0.93340820557187709,1,1,1],[0.16529617667111993,0.03753427281233495,1,0.068393360620739807,0.32568784022388853,0.32568784022388853,0.32568784022388853,1,0.22473070243894697,1,0.86358450863418779,1,1,1,1,1,1,1,1,1,1,1,0.93916823632967261,0.93340820557187709,1,1,1],[0.068393360620739807,0.03753427281233495,1,0.068393360620739807,0.32568784022388853,0.32568784022388853,0.32568784022388853,1,0.22473070243894697,1,0.8615979108606745,1,1,1,1,1,1,1,1,1,1,1,0.94248496137439508,0.93857790629280613,1,1,1],[0.068393360620739807,0.03753427281233495,1,0.068393360620739807,0.32568784022388853,0.32568784022388853,0.32568784022388853,1,0.22473070243894697,1,0.86358450863418779,1,1,1,1,1,1,1,1,1,1,1,0.94351161471528044,0.93857790629280613,1,1,1],[0.068393360620739807,0.03753427281233495,1,0.068393360620739807,0.32568784022388853,0.32568784022388853,0.32568784022388853,1,0.22473070243894697,1,0.86358450863418779,1,1,1,1,1,1,1,1,1,1,1,0.940873064963423,0.93340820557187709,1,1,1],[0.068393360620739807,0.03753427281233495,1,0.068393360620739807,0.32568784022388853,0.32568784022388853,0.32568784022388853,1,0.22473070243894697,1,0.86358450863418779,1,1,1,1,1,1,1,1,1,1,1,0.93974732960849294,0.93340820557187709,1,1,1],[0.068393360620739807,0.03753427281233495,1,0.068393360620739807,0.32568784022388853,0.32568784022388853,0.32568784022388853,1,0.16529617667111993,1,0.8615979108606745,1,1,1,1,1,1,1,1,1,1,1,0.93916823632967261,0.93478051224678316,1,1,1],[0,0,0,0,0.16529617667111993,0.16529617667111993,0.16529617667111993,1,0,1,0.81246436674032907,1,1,1,1,1,1,1,1,1,1,1,0.87604121144607516,0.95242816618006232,1,1,1],[0.068393360620739807,0.03753427281233495,1,0.068393360620739807,0.32568784022388853,0.16529617667111993,0.16529617667111993,1,0.03753427281233495,1,0.85073033939983977,1,1,1,1,1,1,1,1,1,1,1,0.91993097384579448,0.95095349168693977,1,1,1],[0.068393360620739807,0.03753427281233495,1,0.068393360620739807,0.32568784022388853,0.16529617667111993,0.16529617667111993,1,0.10097928530584227,1,0.8615979108606745,1,1,1,1,1,1,1,1,1,1,1,0.93270017191189,0.94592477446664147,1,1,1],[0.023750919969273782,0.016392641167004989,0.068393360620739807,0.023750919969273782,0.10097928530584227,0.10097928530584227,0.10097928530584227,0.25218762567544,0.087874376711873176,0.86831043418409337,0.77944382180932159,0.94142030746257788,0.940873064963423,0.93916823632967261,0.94248496137439508,0.94351161471528044,0.940873064963423,0.93974732960849294,0.93916823632967261,0.87604121144607516,0.91993097384579448,0.93270017191189,1,0.8261709826888769,0.84205044201905843,0.84589079041384407,0.84954912628525936],[0,0,0,0,0.068393360620739807,0,0,0.16529617667111993,0,0.94300290984055279,0.75755963235550883,0.93857790629280613,0.93340820557187709,0.93340820557187709,0.93857790629280613,0.93857790629280613,0.93340820557187709,0.93340820557187709,0.93478051224678316,0.95242816618006232,0.95095349168693977,0.94592477446664147,0.8261709826888769,1,0.95448110306179013,0.95575405498662258,0.95575405498662258],[0,0.03753427281233495,1,0,0,0.16529617667111993,0.16529617667111993,1,0,1,0.782466108322267,1,1,1,1,1,1,1,1,1,1,1,0.84205044201905843,0.95448110306179013,1,1,1],[0,0,0,0,0,0,0,0,0,1,0.78732395728382543,1,1,1,1,1,1,1,1,1,1,1,0.84589079041384407,0.95575405498662258,1,1,1],[0,0,0,0,0,0,0,0,0,1,0.79641865773734644,1,1,1,1,1,1,1,1,1,1,1,0.84954912628525936,0.95575405498662258,1,1,1]],"matrix_without_context":[[1,0.23173853555738505,0.58348764142472931,0.32568784022388853,0.35165932462127825,0.11734011782473977,0.082275448418156774,0.087874376711873176,0.11033862621988332,0.023750919969273782,0.43942422276410337,0.023750919969273782,0.049501276671065977,0.10097928530584227,0.068393360620739807,0.10097928530584227,0.03753427281233495,0.16529617667111993,0.03753427281233495,0,0.03753427281233495,0.10097928530584227,0.087874376711873176,0.10097928530584227,0,0,0],[0.23173853555738505,1,0.38738178682260033,0.18575377356354245,0.082275448418156774,0.16529617667111993,0.079173757109080284,0.11033862621988332,0.057790890043389789,0.016392641167004989,0.11734011782473977,0.011999098976908526,0.0091647995840171727,0.016392641167004989,0.011999098976908526,0.016392641167004989,0.016392641167004989,0.049501276671065977,0,0,0,0.016392641167004989,0.029461036605717937,0.016392641167004989,0,0,0],[0.58348764142472931,0.38738178682260033,1,0.52173098990921374,0.5442033162640002,0.4837036383374641,0.23589722086215964,0.40570061213457737,0.23589722086215964,0.03753427281233495,0.4837036383374641,0.068393360620739807,0.03753427281233495,0.16529617667111993,0.068393360620739807,0.16529617667111993,0.16529617667111993,0.32568784022388853,0,0,0,0.16529617667111993,0.10097928530584227,0.16529617667111993,0,0,0],[0.32568784022388853,0.18575377356354245,0.52173098990921374,1,0.22473070243894697,0.32568784022388853,0.18826721087667056,0.302605583653328,0.30850382211040417,0.0058489631431305625,0.19148399940098593,0.016392641167004989,0,0.023750919969273782,0.016392641167004989,0.023750919969273782,0.023750919969273782,0.023750919969273782,0,0,0,0.023750919969273782,0.011999098976908526,0.023750919969273782,0,0,0],[0.35165932462127825,0.082275448418156774,0.5442033162640002,0.22473070243894697,1,0.27812910984475858,0.03753427281233495,0.16529617667111993,0.16529617667111993,0.0091647995840171727,0.16529617667111993,0.22473070243894697,0.11734011782473977,0.16529617667111993,0.16529617667111993,0.25218762567544,0.32568784022388853,0.32568784022388853,0.16529617667111993,0,0.068393360620739807,0.32568784022388853,0.11734011782473977,0.068393360620739807,0,0,0],[0.11734011782473977,0.16529617667111993,0.4837036383374641,0.32568784022388853,0.27812910984475858,1,0.53546514194050066,0.68049963816715942,0.43942422276410337,0.011999098976908526,0.11734011782473977,0.068393360620739807,0.03753427281233495,0.16529617667111993,0.068393360620739807,0.16529617667111993,0.16529617667111993,0.32568784022388853,0,0,0.16529617667111993,0.16529617667111993,0.10097928530584227,0.16529617667111993,0,0,0],[0.082275448418156774,0.079173757109080284,0.23589722086215964,0.18826721087667056,0.03753427281233495,0.53546514194050066,1,0.52173098990921374,0.34213265752257516,0,0.082275448418156774,0,0,0,0,0,0,0,0,0,0,0,0,0,0,0,0],[0.087874376711873176,0.11033862621988332,0.40570061213457737,0.302605583653328,0.16529617667111993,0.68049963816715942,0.52173098990921374,1,0.45496440993935694,0.054807239502536013,0.12709828237865858,0.03753427281233495,0,0.068393360620739807,0.03753427281233495,0.068393360620739807,0.068393360620739807,0.068393360620739807,0,0,0.068393360620739807,0.068393360620739807,0.023750919969273782,0.16529617667111993,0,0,0],[0.11033862621988332,0.057790890043389789,0.23589722086215964,0.30850382211040417,0.16529617667111993,0.43942422276410337,0.34213265752257516,0.45496440993935694,1,0.0058489631431305625,0.054807239502536013,0.087874376711873176,0.011999098976908526,0.11734011782473977,0.087874376711873176,0.11734011782473977,0.11734011782473977,0.068393360620739807,0.068393360620739807,0.011999098976908526,0.023750919969273782,0.023750919969273782,0.03753427281233495,0.068393360620739807,0,0.023750919969273782,0],[0.023750919969273782,0.016392641167004989,0.03753427281233495,0.0058489631431305625,0.0091647995840171727,0.011999098976908526,0,0.054807239502536013,0.0058489631431305625,1,0.21042811478322881,0.13356650750221294,0.13816512106135553,0.016392641167004989,0.03753427281233495,0.087874376711873176,0.049501276671065977,0.049501276671065977,0.016392641167004989,0.11033862621988332,0.32568784022388853,0.20166435442006905,0.029461036605717937,0.35165932462127825,0.011999098976908526,0.12709828237865858,0.082275448418156774],[0.43942422276410337,0.11734011782473977,0.4837036383374641,0.19148399940098593,0.16529617667111993,0.11734011782473977,0.082275448418156774,0.12709828237865858,0.054807239502536013,0.21042811478322881,1,0.11734011782473977,0.23589722086215964,0.27812910984475858,0.16529617667111993,0.32568784022388853,0.22473070243894697,0.27812910984475858,0.22473070243894697,0.016392641167004989,0.32568784022388853,0.22473070243894697,0.16529617667111993,0.367993311389692,0,0.03753427281233495,0],[0.023750919969273782,0.011999098976908526,0.068393360620739807,0.016392641167004989,0.22473070243894697,0.068393360620739807,0,0.03753427281233495,0.087874376711873176,0.13356650750221294,0.11734011782473977,1,0.85527563409290019,0.9373622021676894,0.90699154159973439,0.95381676287276362,0.95969874674133,0.95095349168693977,0.940873064963423,0.40570061213457737,0.92557890878718818,0.93340820557187709,0.77738206260364073,0.88906797073604538,0.068393360620739807,0.43942422276410337,0.16529617667111993],[0.049501276671065977,0.0091647995840171727,0.03753427281233495,0,0.11734011782473977,0.03753427281233495,0,0,0.011999098976908526,0.13816512106135553,0.23589722086215964,0.85527563409290019,1,0.88709019935752786,0.86551495514281218,0.90964619023159587,0.91452563105749973,0.8909777033503703,0.88504069074476588,0.52173098990921374,0.85955267948711633,0.88504069074476588,0.770684246923098,0.782466108322267,0,0.16529617667111993,0.068393360620739807],[0.10097928530584227,0.016392641167004989,0.16529617667111993,0.023750919969273782,0.16529617667111993,0.16529617667111993,0,0.068393360620739807,0.11734011782473977,0.016392641167004989,0.27812910984475858,0.9373622021676894,0.88709019935752786,1,0.94856172512354742,1,1,1,1,0.55468612964981845,1,1,0.85955267948711633,1,0,1,0.068393360620739807],[0.068393360620739807,0.011999098976908526,0.068393360620739807,0.016392641167004989,0.16529617667111993,0.068393360620739807,0,0.03753427281233495,0.087874376711873176,0.03753427281233495,0.16529617667111993,0.90699154159973439,0.86551495514281218,0.94856172512354742,1,0.95381676287276362,0.95809770308056652,0.95448110306179013,0.94300290984055279,0.46970564488467387,0.91993097384579448,0.93974732960849294,0.80476967288698187,0.86551495514281218,0,0.32568784022388853,0.10097928530584227],[0.10097928530584227,0.016392641167004989,0.16529617667111993,0.023750919969273782,0.25218762567544,0.16529617667111993,0,0.068393360620739807,0.11734011782473977,0.087874376711873176,0.32568784022388853,0.95381676287276362,0.90964619023159587,1,0.95381676287276362,1,1,1,1,0.55468612964981845,1,1,0.85303806821857564,1,0,1,0],[0.03753427281233495,0.016392641167004989,0.16529617667111993,0.023750919969273782,0.32568784022388853,0.16529617667111993,0,0.068393360620739807,0.11734011782473977,0.049501276671065977,0.22473070243894697,0.95969874674133,0.91452563105749973,1,0.95809770308056652,1,1,1,1,0.63135375081592382,1,1,0.87842050966637164,1,0,1,0.068393360620739807],[0.16529617667111993,0.049501276671065977,0.32568784022388853,0.023750919969273782,0.32568784022388853,0.32568784022388853,0,0.068393360620739807,0.068393360620739807,0.049501276671065977,0.27812910984475858,0.95095349168693977,0.8909777033503703,1,0.95448110306179013,1,1,1,1,0.52173098990921374,1,1,0.86259838045151771,1,0,1,0.068393360620739807],[0.03753427281233495,0,0,0,0.16529617667111993,0,0,0,0.068393360620739807,0.016392641167004989,0.22473070243894697,0.940873064963423,0.88504069074476588,1,0.94300290984055279,1,1,1,1,0.43942422276410337,1,1,0.81429444204748158,1,0,1,0],[0,0,0,0,0,0,0,0,0.011999098976908526,0.11033862621988332,0.016392641167004989,0.40570061213457737,0.52173098990921374,0.55468612964981845,0.46970564488467387,0.55468612964981845,0.63135375081592382,0.52173098990921374,0.43942422276410337,1,0.700507010760774,0.72625338056190414,0.43942422276410337,0.58348764142472931,0.367993311389692,0.55468612964981845,0.29054636929714839],[0.03753427281233495,0,0,0,0.068393360620739807,0.16529617667111993,0,0.068393360620739807,0.023750919969273782,0.32568784022388853,0.32568784022388853,0.92557890878718818,0.85955267948711633,1,0.91993097384579448,1,1,1,1,0.700507010760774,1,1,0.80869414296759312,1,0.32568784022388853,1,0.25218762567544],[0.10097928530584227,0.016392641167004989,0.16529617667111993,0.023750919969273782,0.32568784022388853,0.16529617667111993,0,0.068393360620739807,0.023750919969273782,0.20166435442006905,0.22473070243894697,0.93340820557187709,0.88504069074476588,1,0.93974732960849294,1,1,1,1,0.72625338056190414,1,1,0.84205044201905843,1,0.16529617667111993,1,0.25218762567544],[0.087874376711873176,0.029461036605717937,0.10097928530584227,0.011999098976908526,0.11734011782473977,0.10097928530584227,0,0.023750919969273782,0.03753427281233495,0.029461036605717937,0.16529617667111993,0.77738206260364073,0.770684246923098,0.85955267948711633,0.80476967288698187,0.85303806821857564,0.87842050966637164,0.86259838045151771,0.81429444204748158,0.43942422276410337,0.80869414296759312,0.84205044201905843,1,0.71395404202537516,0,0.16529617667111993,0.023750919969273782],[0.10097928530584227,0.016392641167004989,0.16529617667111993,0.023750919969273782,0.068393360620739807,0.16529617667111993,0,0.16529617667111993,0.068393360620739807,0.35165932462127825,0.367993311389692,0.88906797073604538,0.782466108322267,1,0.86551495514281218,1,1,1,1,0.58348764142472931,1,1,0.71395404202537516,1,0.16529617667111993,1,0.16529617667111993],[0,0,0,0,0,0,0,0,0,0.011999098976908526,0,0.068393360620739807,0,0,0,0,0,0,0,0.367993311389692,0.32568784022388853,0.16529617667111993,0,0.16529617667111993,1,0.86551495514281218,0.66946987211284359],[0,0,0,0,0,0,0,0,0.023750919969273782,0.12709828237865858,0.03753427281233495,0.43942422276410337,0.16529617667111993,1,0.32568784022388853,1,1,1,1,0.55468612964981845,1,1,0.16529617667111993,1,0.86551495514281218,1,0.782466108322267],[0,0,0,0,0,0,0,0,0,0.082275448418156774,0,0.16529617667111993,0.068393360620739807,0.068393360620739807,0.10097928530584227,0,0.068393360620739807,0.068393360620739807,0,0.29054636929714839,0.25218762567544,0.25218762567544,0.023750919969273782,0.16529617667111993,0.66946987211284359,0.782466108322267,1]]}