{"matrix_with_context":[[1,0.4144824997410867,0.38738178682260033,0.4144824997410867,0.45115654190264304,0.59656183305962562,0.53546514194050066,0.35165932462127825,0.18373584572403368,0.58348764142472931,0.4144824997410867,0.4144824997410867,0.4144824997410867,0,0,0,0,0,0,0,0,0,0,0,0,0],[0.4144824997410867,1,1,1,0.46243130793865689,1,0.76646943453263383,0.85303806821857564,0.4837036383374641,1,1,1,1,0.66946987211284359,1,1,1,1,0.35165932462127825,0,1,1,1,0.16529617667111993,1,0],[0.38738178682260033,1,1,1,0.43942422276410337,1,0.74794679924355634,0.83801418019047558,0.45496440993935694,1,1,1,1,0.80869414296759312,1,1,1,1,0.43942422276410337,0,1,1,1,0.16529617667111993,1,0],[0.4144824997410867,1,1,1,0.46243130793865689,1,0.76646943453263383,0.85303806821857564,0.46970564488467387,1,1,1,1,0.66946987211284359,1,1,1,1,0.35165932462127825,0,1,1,1,0.16529617667111993,1,0],[0.45115654190264304,0.46243130793865689,0.43942422276410337,0.46243130793865689,1,0.72023786948305613,0.64759558640193016,0.3984965425184302,0.21905547534089254,0.70738370698597275,0.43942422276410337,0.46243130793865689,0.46243130793865689,0,0,0,0,0,0,0,0,0,0,0,0,0],[0.59656183305962562,1,1,1,0.72023786948305613,1,0.93048278580024735,0.79641865773734644,0.38738178682260033,1,1,1,1,0,0,1,1,1,0.049501276671065977,0,1,1,1,0.32568784022388853,1,0],[0.53546514194050066,0.76646943453263383,0.74794679924355634,0.76646943453263383,0.64759558640193016,0.93048278580024735,1,0.58348764142472931,0.26348866736294896,0.90560488392429139,0.76646943453263383,0.74794679924355634,0.74794679924355634,0,0,0.16529617667111993,0.16529617667111993,0.16529617667111993,0.03753427281233495,0,0.32568784022388853,0.32568784022388853,0.32568784022388853,0.16529617667111993,0.32568784022388853,0],[0.35165932462127825,0.85303806821857564,0.83801418019047558,0.85303806821857564,0.3984965425184302,0.79641865773734644,0.58348764142472931,1,0.41074869606557912,0.76646943453263383,0.9440113212095137,0.9373622021676894,0.9373622021676894,0,0,0,0,0,0,0.68574563429279045,0,0,0,0,0,0.737544897130348],[0.18373584572403368,0.4837036383374641,0.45496440993935694,0.46970564488467387,0.21905547534089254,0.38738178682260033,0.26348866736294896,0.41074869606557912,1,0.367993311389692,0.42302470364712408,0.45496440993935694,0.46970564488467387,0.0091647995840171727,0.011999098976908526,0.03753427281233495,0.03753427281233495,0.03753427281233495,0.042891985515912841,0,0.068393360620739807,0.10097928530584227,0.068393360620739807,0.054807239502536013,0.068393360620739807,0],[0.58348764142472931,1,1,1,0.70738370698597275,1,0.90560488392429139,0.76646943453263383,0.367993311389692,1,1,1,1,0,0,0,0,0,0.016392641167004989,0,1,1,1,0.16529617667111993,1,0],[0.4144824997410867,1,1,1,0.43942422276410337,1,0.76646943453263383,0.9440113212095137,0.42302470364712408,1,1,1,1,0,0,0,0,0,0,0.82929087416122771,0,0,0,0,0,0.87604121144607516],[0.4144824997410867,1,1,1,0.46243130793865689,1,0.74794679924355634,0.9373622021676894,0.45496440993935694,1,1,1,1,0.16529617667111993,1,1,1,1,0.016392641167004989,0.76646943453263383,1,1,1,0.16529617667111993,1,0.82929087416122771],[0.4144824997410867,1,1,1,0.46243130793865689,1,0.74794679924355634,0.9373622021676894,0.46970564488467387,1,1,1,1,0.16529617667111993,1,1,1,1,0,0.82929087416122771,0,0,0,0,0,0.86551495514281218],[0,0.66946987211284359,0.80869414296759312,0.66946987211284359,0,0,0,0,0.0091647995840171727,0,0,0.16529617667111993,0.16529617667111993,1,0.93974732960849294,0.91566428005117884,0.90560488392429139,0.91566428005117884,0.42302470364712408,0.63135375081592382,0.74794679924355634,0.74794679924355634,0.74794679924355634,0.58348764142472931,0.72625338056190414,0.63135375081592382],[0,1,1,1,0,0,0,0,0.011999098976908526,0,0,1,1,0.93974732960849294,1,1,1,1,0.49176719594574542,0.79641865773734644,1,1,1,0.74794679924355634,1,0.79641865773734644],[0,1,1,1,0,1,0.16529617667111993,0,0.03753427281233495,0,0,1,1,0.91566428005117884,1,1,1,1,0.613567737361717,0.782466108322267,1,1,1,0.782466108322267,1,0.782466108322267],[0,1,1,1,0,1,0.16529617667111993,0,0.03753427281233495,0,0,1,1,0.90560488392429139,1,1,1,1,0.63135375081592382,0.782466108322267,1,1,1,0.76646943453263383,1,0.782466108322267],[0,1,1,1,0,1,0.16529617667111993,0,0.03753427281233495,0,0,1,1,0.91566428005117884,1,1,1,1,0.613567737361717,0.782466108322267,1,1,1,0.782466108322267,1,0.782466108322267],[0,0.35165932462127825,0.43942422276410337,0.35165932462127825,0,0.049501276671065977,0.03753427281233495,0,0.042891985515912841,0.016392641167004989,0,0.016392641167004989,0,0.42302470364712408,0.49176719594574542,0.613567737361717,0.63135375081592382,0.613567737361717,1,0.302605583653328,0.49176719594574542,0.50718819387846492,0.49176719594574542,0.43942422276410337,0.49176719594574542,0.302605583653328],[0,0,0,0,0,0,0,0.68574563429279045,0,0,0.82929087416122771,0.76646943453263383,0.82929087416122771,0.63135375081592382,0.79641865773734644,0.782466108322267,0.782466108322267,0.782466108322267,0.302605583653328,1,0.74794679924355634,0.74794679924355634,0.74794679924355634,0.58348764142472931,0.72625338056190414,0.84205044201905843],[0,1,1,1,0,1,0.32568784022388853,0,0.068393360620739807,1,0,1,0,0.74794679924355634,1,1,1,1,0.49176719594574542,0.74794679924355634,1,1,1,0.94938448091023209,1,0.74794679924355634],[0,1,1,1,0,1,0.32568784022388853,0,0.10097928530584227,1,0,1,0,0.74794679924355634,1,1,1,1,0.50718819387846492,0.74794679924355634,1,1,1,0.94683328843174164,1,0.74794679924355634],[0,1,1,1,0,1,0.32568784022388853,0,0.068393360620739807,1,0,1,0,0.74794679924355634,1,1,1,1,0.49176719594574542,0.74794679924355634,1,1,1,0.94856172512354742,1,0.74794679924355634],[0,0.16529617667111993,0.16529617667111993,0.16529617667111993,0,0.32568784022388853,0.16529617667111993,0,0.054807239502536013,0.16529617667111993,0,0.16529617667111993,0,0.58348764142472931,0.74794679924355634,0.782466108322267,0.76646943453263383,0.782466108322267,0.43942422276410337,0.58348764142472931,0.94938448091023209,0.94683328843174164,0.94856172512354742,1,0.94771178421162194,0.58348764142472931],[0,1,1,1,0,1,0.32568784022388853,0,0.068393360620739807,1,0,1,0,0.72625338056190414,1,1,1,1,0.49176719594574542,0.72625338056190414,1,1,1,0.94771178421162194,1,0.72625338056190414],[0,0,0,0,0,0,0,0.737544897130348,0,0,0.87604121144607516,0.82929087416122771,0.86551495514281218,0.63135375081592382,0.79641865773734644,0.782466108322267,0.782466108322267,0.782466108322267,0.302605583653328,0.84205044201905843,0.74794679924355634,0.74794679924355634,0.74794679924355634,0.58348764142472931,0.72625338056190414,1]],"matrix_without_context":[[1,0,0,0.0091647995840171727,0.062004854184660993,0.19148399940098593,0.18826721087667056,0.0091647995840171727,0.0029768564767243791,0.042891985515912841,0.0091647995840171727,0,0.0072294319155411183,0,0,0,0,0.023750919969273782,0.0091647995840171727,0.0040555704522478525,0.029461036605717937,0,0.0091647995840171727,0.0091647995840171727,0.0091647995840171727,0.0091647995840171727],[0,1,0.52173098990921374,0.8337666549946805,0,0.068393360620739807,0.03753427281233495,0,0.21042811478322881,0,0,0,0,0.087874376711873176,0.016392641167004989,0.61664838769664443,0.72625338056190414,0.60074275976456537,0.737544897130348,0.011999098976908526,0.74794679924355634,0.75755963235550883,0.66946987211284359,0.72625338056190414,0.72625338056190414,0],[0,0.52173098990921374,1,0.68574563429279045,0,0.32568784022388853,0.27812910984475858,0.068393360620739807,0.18826721087667056,0.03753427281233495,0.068393360620739807,0.068393360620739807,0.03753427281233495,0.087874376711873176,0.049501276671065977,0.5442033162640002,0.72625338056190414,0.5442033162640002,0.737544897130348,0.03753427281233495,0.75755963235550883,0.79641865773734644,0.76646943453263383,0.66946987211284359,0.77475024407828419,0.068393360620739807],[0.0091647995840171727,0.8337666549946805,0.68574563429279045,1,0,1,0.32568784022388853,1,0.25218762567544,0.023750919969273782,1,0,0.16529617667111993,0.03753427281233495,0.03753427281233495,0.83801418019047558,1,0.86551495514281218,1,0.023750919969273782,1,1,1,1,1,1],[0.062004854184660993,0,0,0,1,0.27178351098514891,0.27812910984475858,0,0,0.14957205893541087,0,0,0,0.0040555704522478525,0,0,0,0,0,0,0.023750919969273782,0,0.0072294319155411183,0.044938057663749864,0.0072294319155411183,0],[0.19148399940098593,0.068393360620739807,0.32568784022388853,1,0.27178351098514891,1,0.90833807169528191,1,0.068393360620739807,0.46243130793865689,1,0,0.16529617667111993,0.03753427281233495,0,0.16529617667111993,1,0.16529617667111993,1,0.068393360620739807,1,1,1,1,1,1],[0.18826721087667056,0.03753427281233495,0.27812910984475858,0.32568784022388853,0.27812910984475858,0.90833807169528191,1,0.16529617667111993,0.082275448418156774,0.3984965425184302,0.16529617667111993,0,0.068393360620739807,0.023750919969273782,0,0.068393360620739807,0,0.16529617667111993,0.16529617667111993,0.049501276671065977,0.700507010760774,0.52173098990921374,0.66946987211284359,0.700507010760774,0.66946987211284359,0.16529617667111993],[0.0091647995840171727,0,0.068393360620739807,1,0,1,0.16529617667111993,1,0.03753427281233495,0.023750919969273782,1,1,0.90560488392429139,0.03753427281233495,0,0,0,0.16529617667111993,1,0.52173098990921374,1,0,1,1,1,1],[0.0029768564767243791,0.21042811478322881,0.18826721087667056,0.25218762567544,0,0.068393360620739807,0.082275448418156774,0.03753427281233495,1,0.0048296546113252709,0.10097928530584227,0.03753427281233495,0.029461036605717937,0.03753427281233495,0.03753427281233495,0.21660451007200782,0.32568784022388853,0.26348866736294896,0.32568784022388853,0.087874376711873176,0.302605583653328,0.25218762567544,0.25218762567544,0.25218762567544,0.27812910984475858,0.10097928530584227],[0.042891985515912841,0,0.03753427281233495,0.023750919969273782,0.14957205893541087,0.46243130793865689,0.3984965425184302,0.023750919969273782,0.0048296546113252709,1,0.023750919969273782,0,0.016392641167004989,0.029461036605717937,0,0,0.023750919969273782,0.016392641167004989,0.023750919969273782,0.0072294319155411183,0.21042811478322881,0.068393360620739807,0.16529617667111993,0.29054636929714839,0.16529617667111993,0.023750919969273782],[0.0091647995840171727,0,0.068393360620739807,1,0,1,0.16529617667111993,1,0.10097928530584227,0.023750919969273782,1,1,0.91335582996733766,0.03753427281233495,0.03753427281233495,0.16529617667111993,1,0.32568784022388853,1,0.60885440507873478,1,0,1,1,1,1],[0,0,0.068393360620739807,0,0,0,0,1,0.03753427281233495,0,1,1,0.9109175168146969,0,0.03753427281233495,0.32568784022388853,1,0.16529617667111993,1,0.62043190647442548,0,0,0,0,0,1],[0.0072294319155411183,0,0.03753427281233495,0.16529617667111993,0,0.16529617667111993,0.068393360620739807,0.90560488392429139,0.029461036605717937,0.016392641167004989,0.91335582996733766,0.9109175168146969,1,0,0,0,0,0.068393360620739807,0.16529617667111993,0.53546514194050066,0.16529617667111993,0,0.16529617667111993,0.16529617667111993,0.16529617667111993,0.91335582996733766],[0,0.087874376711873176,0.087874376711873176,0.03753427281233495,0.0040555704522478525,0.03753427281233495,0.023750919969273782,0.03753427281233495,0.03753427281233495,0.029461036605717937,0.03753427281233495,0,0,1,0.42302470364712408,0.16529617667111993,0.22473070243894697,0.023750919969273782,0.16529617667111993,0.0091647995840171727,0.10097928530584227,0.16529617667111993,0.03753427281233495,0.10097928530584227,0.10097928530584227,0.03753427281233495],[0,0.016392641167004989,0.049501276671065977,0.03753427281233495,0,0,0,0,0.03753427281233495,0,0.03753427281233495,0.03753427281233495,0,0.42302470364712408,1,0.11734011782473977,0.32568784022388853,0.11734011782473977,0.27812910984475858,0.0091647995840171727,0.03753427281233495,0.10097928530584227,0.03753427281233495,0.10097928530584227,0.10097928530584227,0.03753427281233495],[0,0.61664838769664443,0.5442033162640002,0.83801418019047558,0,0.16529617667111993,0.068393360620739807,0,0.21660451007200782,0,0.16529617667111993,0.32568784022388853,0,0.16529617667111993,0.11734011782473977,1,0.92190648315005508,0.82929087416122771,0.89633202970679726,0.049501276671065977,0.74794679924355634,0.76646943453263383,0.700507010760774,0.66946987211284359,0.700507010760774,0.16529617667111993],[0,0.72625338056190414,0.72625338056190414,1,0,1,0,0,0.32568784022388853,0.023750919969273782,1,1,0,0.22473070243894697,0.32568784022388853,0.92190648315005508,1,0.9237868937967405,1,0.11734011782473977,1,1,1,1,1,1],[0.023750919969273782,0.60074275976456537,0.5442033162640002,0.86551495514281218,0,0.16529617667111993,0.16529617667111993,0.16529617667111993,0.26348866736294896,0.016392641167004989,0.32568784022388853,0.16529617667111993,0.068393360620739807,0.023750919969273782,0.11734011782473977,0.82929087416122771,0.9237868937967405,1,0.9109175168146969,0.049501276671065977,0.76646943453263383,0.72625338056190414,0.700507010760774,0.66946987211284359,0.700507010760774,0.32568784022388853],[0.0091647995840171727,0.737544897130348,0.737544897130348,1,0,1,0.16529617667111993,1,0.32568784022388853,0.023750919969273782,1,1,0.16529617667111993,0.16529617667111993,0.27812910984475858,0.89633202970679726,1,0.9109175168146969,1,0.11734011782473977,1,1,1,1,1,1],[0.0040555704522478525,0.011999098976908526,0.03753427281233495,0.023750919969273782,0,0.068393360620739807,0.049501276671065977,0.52173098990921374,0.087874376711873176,0.0072294319155411183,0.60885440507873478,0.62043190647442548,0.53546514194050066,0.0091647995840171727,0.0091647995840171727,0.049501276671065977,0.11734011782473977,0.049501276671065977,0.11734011782473977,1,0.023750919969273782,0.023750919969273782,0.068393360620739807,0.023750919969273782,0.023750919969273782,0.5695571072448129],[0.029461036605717937,0.74794679924355634,0.75755963235550883,1,0.023750919969273782,1,0.700507010760774,1,0.302605583653328,0.21042811478322881,1,0,0.16529617667111993,0.10097928530584227,0.03753427281233495,0.74794679924355634,1,0.76646943453263383,1,0.023750919969273782,1,1,1,1,1,1],[0,0.75755963235550883,0.79641865773734644,1,0,1,0.52173098990921374,0,0.25218762567544,0.068393360620739807,0,0,0,0.16529617667111993,0.10097928530584227,0.76646943453263383,1,0.72625338056190414,1,0.023750919969273782,1,1,1,1,1,0],[0.0091647995840171727,0.66946987211284359,0.76646943453263383,1,0.0072294319155411183,1,0.66946987211284359,1,0.25218762567544,0.16529617667111993,1,0,0.16529617667111993,0.03753427281233495,0.03753427281233495,0.700507010760774,1,0.700507010760774,1,0.068393360620739807,1,1,1,1,1,1],[0.0091647995840171727,0.72625338056190414,0.66946987211284359,1,0.044938057663749864,1,0.700507010760774,1,0.25218762567544,0.29054636929714839,1,0,0.16529617667111993,0.10097928530584227,0.10097928530584227,0.66946987211284359,1,0.66946987211284359,1,0.023750919969273782,1,1,1,1,1,1],[0.0091647995840171727,0.72625338056190414,0.77475024407828419,1,0.0072294319155411183,1,0.66946987211284359,1,0.27812910984475858,0.16529617667111993,1,0,0.16529617667111993,0.10097928530584227,0.10097928530584227,0.700507010760774,1,0.700507010760774,1,0.023750919969273782,1,1,1,1,1,1],[0.0091647995840171727,0,0.068393360620739807,1,0,1,0.16529617667111993,1,0.10097928530584227,0.023750919969273782,1,1,0.91335582996733766,0.03753427281233495,0.03753427281233495,0.16529617667111993,1,0.32568784022388853,1,0.5695571072448129,1,0,1,1,1,1]]}