{"matrix_with_context":[[1,0,0.0020172482675724188,0,0,0.0034538575892268568,0.0022777924281824243,0.0022777924281824243,0.0022777924281824243,0.0040555704522478525,0.0048296546113252709,0.0048296546113252709,0.0048296546113252709,0,0.0048296546113252709,0],[0,1,0.0025923195846382528,0.010438766674641539,0.068393360620739807,0.016392641167004989,0,0,0.010438766674641539,0,0,0,0,0,0,0],[0.0020172482675724188,0.0025923195846382528,1,0.077204123756325377,0.10753287734811902,0.0072294319155411183,0,0.013938903334611591,0.0040555704522478525,0,0,0,0,0.019560431003895665,0,0],[0,0.010438766674641539,0.077204123756325377,1,0.14426559739093756,0.11033862621988332,0,0,0.031832942175295559,0,0,0,0,0.0072294319155411183,0,0],[0,0.068393360620739807,0.10753287734811902,0.14426559739093756,1,0.011999098976908526,0,0,0.019560431003895665,0.049501276671065977,0,0,0,0.082275448418156774,0,0.011999098976908526],[0.0034538575892268568,0.016392641167004989,0.0072294319155411183,0.11033862621988332,0.011999098976908526,1,0.24060777066588548,0.0091647995840171727,0.48948811845844614,0.16529617667111993,0.58348764142472931,0.58348764142472931,0.58348764142472931,0.016392641167004989,0.58348764142472931,0.38738178682260033],[0.0022777924281824243,0,0,0,0,0.24060777066588548,1,0.087874376711873176,0.16529617667111993,0.1957469410690782,0.56075318675449481,0.57241561265017238,0.57241561265017238,0.068393360620739807,0.56075318675449481,0.45279465526128071],[0.0022777924281824243,0,0.013938903334611591,0,0,0.0091647995840171727,0.087874376711873176,1,0.0048296546113252709,0.16529617667111993,0.23589722086215964,0.23589722086215964,0.23589722086215964,0.0927848763623698,0.23589722086215964,0.13816512106135553],[0.0022777924281824243,0.010438766674641539,0.0040555704522478525,0.031832942175295559,0.019560431003895665,0.48948811845844614,0.16529617667111993,0.0048296546113252709,1,0.10097928530584227,0.32568784022388853,0.32568784022388853,0.32568784022388853,0.023750919969273782,0.32568784022388853,0.26348866736294896],[0.0040555704522478525,0,0,0,0.049501276671065977,0.16529617667111993,0.1957469410690782,0.16529617667111993,0.10097928530584227,1,0.93340820557187709,0.93478051224678316,0.93478051224678316,0.69330224607801139,0.92728861586556688,0.80476967288698187],[0.0048296546113252709,0,0,0,0,0.58348764142472931,0.56075318675449481,0.23589722086215964,0.32568784022388853,0.93340820557187709,1,1,1,0.718173939325141,1,0.894606618266328],[0.0048296546113252709,0,0,0,0,0.58348764142472931,0.57241561265017238,0.23589722086215964,0.32568784022388853,0.93478051224678316,1,1,1,0.718173939325141,1,0.894606618266328],[0.0048296546113252709,0,0,0,0,0.58348764142472931,0.57241561265017238,0.23589722086215964,0.32568784022388853,0.93478051224678316,1,1,1,0.72625338056190414,1,0.89961885562938126],[0,0,0.019560431003895665,0.0072294319155411183,0.082275448418156774,0.016392641167004989,0.068393360620739807,0.0927848763623698,0.023750919969273782,0.69330224607801139,0.718173939325141,0.718173939325141,0.72625338056190414,1,0.74110574870396628,0.64759558640193016],[0.0048296546113252709,0,0,0,0,0.58348764142472931,0.56075318675449481,0.23589722086215964,0.32568784022388853,0.92728861586556688,1,1,1,0.74110574870396628,1,0.90699154159973439],[0,0,0,0,0.011999098976908526,0.38738178682260033,0.45279465526128071,0.13816512106135553,0.26348866736294896,0.80476967288698187,0.894606618266328,0.894606618266328,0.89961885562938126,0.64759558640193016,0.90699154159973439,1]],"matrix_without_context":[[1,0,0,0,0,0,0,0,0,0,0,0,0,0,0,0],[0,1,0.0012036742494833045,0.12110024025757821,0.061028881996090446,0.056482652711803714,0.0014567619608943834,0.014691488533861437,0.033944944909024853,0.0072294319155411183,0.0058489631431305625,0,0,0,0,0],[0,0.0012036742494833045,1,0.0016143587634129823,0.0016143587634129823,0.0012036742494833045,0.00093190805863073748,0,0,0,0,0,0,0,0,0],[0,0.12110024025757821,0.0016143587634129823,1,0.087874376711873176,0.1507922311366354,0.0020172482675724188,0.020824021082567559,0.075842692342781251,0.016392641167004989,0.011999098976908526,0,0.011999098976908526,0,0,0],[0,0.061028881996090446,0.0016143587634129823,0.087874376711873176,1,0.090895308291641233,0,0.0029768564767243791,0.033128761365810756,0.049501276671065977,0.011999098976908526,0.049501276671065977,0.03753427281233495,0.0091647995840171727,0.049501276671065977,0.016392641167004989],[0,0.056482652711803714,0.0012036742494833045,0.1507922311366354,0.090895308291641233,1,0,0.023750919969273782,0.0927848763623698,0.0072294319155411183,0.0058489631431305625,0,0,0,0,0],[0,0.0014567619608943834,0.00093190805863073748,0.0020172482675724188,0,0,1,0.010923124141278887,0,0,0,0,0,0,0,0],[0,0.014691488533861437,0,0.020824021082567559,0.0029768564767243791,0.023750919969273782,0.010923124141278887,1,0.0072294319155411183,0.0072294319155411183,0.0058489631431305625,0,0,0,0,0],[0,0.033944944909024853,0,0.075842692342781251,0.033128761365810756,0.0927848763623698,0,0.0072294319155411183,1,0,0,0,0,0,0,0],[0,0.0072294319155411183,0,0.016392641167004989,0.049501276671065977,0.0072294319155411183,0,0.0072294319155411183,0,1,0.93609741512283307,1,0.92892155650183061,0.80869414296759312,1,1],[0,0.0058489631431305625,0,0.011999098976908526,0.011999098976908526,0.0058489631431305625,0,0.0058489631431305625,0,0.93609741512283307,1,0.93197692469577953,0.87842050966637164,0.70960684217289294,0.91566428005117884,0.89961885562938126],[0,0,0,0,0.049501276671065977,0,0,0,0,1,0.93197692469577953,1,0.92728861586556688,0.782466108322267,1,1],[0,0,0,0.011999098976908526,0.03753427281233495,0,0,0,0,0.92892155650183061,0.87842050966637164,0.92728861586556688,1,0.700507010760774,0.91335582996733766,0.89282284594887551],[0,0,0,0,0.0091647995840171727,0,0,0,0,0.80869414296759312,0.70960684217289294,0.782466108322267,0.700507010760774,1,0.80869414296759312,0.81429444204748158],[0,0,0,0,0.049501276671065977,0,0,0,0,1,0.91566428005117884,1,0.91335582996733766,0.80869414296759312,1,1],[0,0,0,0,0.016392641167004989,0,0,0,0,1,0.89961885562938126,1,0.89282284594887551,0.81429444204748158,1,1]]}