{"matrix_with_context":[[1,0,0,0,0,0,0,0.026374132517769374,0,0,0,0,0,0,0,0,0,0,0,0,0,0],[0,1,0.0091647995840171727,0.65143769059785506,0.4837036383374641,0.700507010760774,0.023750919969273782,0,0.068393360620739807,0.16529617667111993,0.16529617667111993,0.16529617667111993,0.16529617667111993,0.16529617667111993,0.16529617667111993,0.16529617667111993,0.16529617667111993,0.16529617667111993,0.16529617667111993,0.16529617667111993,0.16529617667111993,0.16529617667111993],[0,0.0091647995840171727,1,0.029461036605717937,0.082275448418156774,0.049501276671065977,0.13816512106135553,0,0,0,0,0,0,0,0,0,0,0,0,0,0,0],[0,0.65143769059785506,0.029461036605717937,1,0.5695571072448129,0.72625338056190414,0,0,0,0,0,0,0,0,0,0,0,0,0,0,0,0],[0,0.4837036383374641,0.082275448418156774,0.5695571072448129,1,0.782466108322267,0.023750919969273782,0,0,0,0.068393360620739807,0.068393360620739807,0.068393360620739807,0,0.068393360620739807,0.068393360620739807,0,0.068393360620739807,0,0,0,0],[0,0.700507010760774,0.049501276671065977,0.72625338056190414,0.782466108322267,1,0,0,0,1,1,1,1,1,1,1,1,1,1,1,0,0],[0,0.023750919969273782,0.13816512106135553,0,0.023750919969273782,0,1,0.16529617667111993,0.76646943453263383,0.89633202970679726,0.89633202970679726,0.89633202970679726,0.89633202970679726,0.89633202970679726,0.89633202970679726,0.89633202970679726,0.89633202970679726,0.89633202970679726,0.89633202970679726,0.894606618266328,0.89633202970679726,0.894606618266328],[0.026374132517769374,0,0,0,0,0,0.16529617667111993,1,0.24060777066588548,0.24060777066588548,0.24060777066588548,0.24060777066588548,0.24060777066588548,0.24060777066588548,0.24060777066588548,0.24060777066588548,0.24060777066588548,0.24060777066588548,0.24060777066588548,0.21660451007200782,0.21660451007200782,0.21660451007200782],[0,0.068393360620739807,0,0,0,0,0.76646943453263383,0.24060777066588548,1,1,1,1,1,1,1,1,1,1,1,1,1,1],[0,0.16529617667111993,0,0,0,1,0.89633202970679726,0.24060777066588548,1,1,1,1,1,1,1,1,1,1,1,1,1,1],[0,0.16529617667111993,0,0,0.068393360620739807,1,0.89633202970679726,0.24060777066588548,1,1,1,1,1,1,1,1,1,1,1,1,1,1],[0,0.16529617667111993,0,0,0.068393360620739807,1,0.89633202970679726,0.24060777066588548,1,1,1,1,1,1,1,1,1,1,1,1,1,1],[0,0.16529617667111993,0,0,0.068393360620739807,1,0.89633202970679726,0.24060777066588548,1,1,1,1,1,1,1,1,1,1,1,1,1,1],[0,0.16529617667111993,0,0,0,1,0.89633202970679726,0.24060777066588548,1,1,1,1,1,1,1,1,1,1,1,1,1,1],[0,0.16529617667111993,0,0,0.068393360620739807,1,0.89633202970679726,0.24060777066588548,1,1,1,1,1,1,1,1,1,1,1,1,1,1],[0,0.16529617667111993,0,0,0.068393360620739807,1,0.89633202970679726,0.24060777066588548,1,1,1,1,1,1,1,1,1,1,1,1,1,1],[0,0.16529617667111993,0,0,0,1,0.89633202970679726,0.24060777066588548,1,1,1,1,1,1,1,1,1,1,1,1,1,1],[0,0.16529617667111993,0,0,0.068393360620739807,1,0.89633202970679726,0.24060777066588548,1,1,1,1,1,1,1,1,1,1,1,1,1,1],[0,0.16529617667111993,0,0,0,1,0.89633202970679726,0.24060777066588548,1,1,1,1,1,1,1,1,1,1,1,1,1,1],[0,0.16529617667111993,0,0,0,1,0.894606618266328,0.21660451007200782,1,1,1,1,1,1,1,1,1,1,1,1,1,1],[0,0.16529617667111993,0,0,0,0,0.89633202970679726,0.21660451007200782,1,1,1,1,1,1,1,1,1,1,1,1,1,1],[0,0.16529617667111993,0,0,0,0,0.894606618266328,0.21660451007200782,1,1,1,1,1,1,1,1,1,1,1,1,1,1]],"matrix_without_context":[[1,0,0,0.0022777924281824243,0.0022777924281824243,0.0029768564767243791,0.0029768564767243791,0.0091647995840171727,0,0.0058489631431305625,0,0,0,0.0058489631431305625,0.0058489631431305625,0,0.0058489631431305625,0,0,0.0048296546113252709,0,0.0058489631431305625],[0,1,0.041731412759274479,0.13816512106135553,0.041731412759274479,0.10097928530584227,0.0034538575892268568,0,0,0,0,0.0072294319155411183,0,0,0,0,0,0,0,0,0,0],[0,0.041731412759274479,1,0.10097928530584227,0.068393360620739807,0.14639183262451871,0.21905547534089254,0,0,0,0,0,0,0,0,0.011999098976908526,0,0,0,0,0,0],[0.0022777924281824243,0.13816512106135553,0.10097928530584227,1,0.22473070243894697,0.28313954651435008,0.049501276671065977,0,0,0.011999098976908526,0,0,0,0.011999098976908526,0.011999098976908526,0,0.011999098976908526,0,0,0.0091647995840171727,0,0.011999098976908526],[0.0022777924281824243,0.041731412759274479,0.068393360620739807,0.22473070243894697,1,0.23589722086215964,0.068393360620739807,0,0,0.011999098976908526,0,0,0.011999098976908526,0.011999098976908526,0.011999098976908526,0,0.011999098976908526,0,0,0.0091647995840171727,0,0.011999098976908526],[0.0029768564767243791,0.10097928530584227,0.14639183262451871,0.28313954651435008,0.23589722086215964,1,0.11734011782473977,0,0,0.023750919969273782,0,0,0,0.023750919969273782,0.023750919969273782,0,0.023750919969273782,0,0,0.016392641167004989,0,0.023750919969273782],[0.0029768564767243791,0.0034538575892268568,0.21905547534089254,0.049501276671065977,0.068393360620739807,0.11734011782473977,1,0,0,0.068393360620739807,0.023750919969273782,0.023750919969273782,0.023750919969273782,0.023750919969273782,0.068393360620739807,0.023750919969273782,0.068393360620739807,0.023750919969273782,0.023750919969273782,0.049501276671065977,0.023750919969273782,0.068393360620739807],[0.0091647995840171727,0,0,0,0,0,0,1,0,0,0,0,0,0,0,0,0.0034538575892268568,0,0,0,0,0],[0,0,0,0,0,0,0,0,1,1,1,1,1,1,1,1,1,1,1,0.96425182014190736,1,1],[0.0058489631431305625,0,0,0.011999098976908526,0.011999098976908526,0.023750919969273782,0.068393360620739807,0,1,1,1,1,1,1,1,1,1,1,1,0.95753537701891323,1,1],[0,0,0,0,0,0,0.023750919969273782,0,1,1,1,1,1,1,1,1,1,1,1,0.95018133510065639,1,1],[0,0.0072294319155411183,0,0,0,0,0.023750919969273782,0,1,1,1,1,1,1,1,1,1,1,1,0.93478051224678316,1,1],[0,0,0,0,0.011999098976908526,0,0.023750919969273782,0,1,1,1,1,1,1,1,1,1,1,1,0.95809770308056652,1,1],[0.0058489631431305625,0,0,0.011999098976908526,0.011999098976908526,0.023750919969273782,0.023750919969273782,0,1,1,1,1,1,1,1,1,1,1,1,0.96118195564288023,1,1],[0.0058489631431305625,0,0,0.011999098976908526,0.011999098976908526,0.023750919969273782,0.068393360620739807,0,1,1,1,1,1,1,1,1,1,1,1,0.95969874674133,1,1],[0,0,0.011999098976908526,0,0,0,0.023750919969273782,0,1,1,1,1,1,1,1,1,1,1,1,0.940873064963423,1,1],[0.0058489631431305625,0,0,0.011999098976908526,0.011999098976908526,0.023750919969273782,0.068393360620739807,0.0034538575892268568,1,1,1,1,1,1,1,1,1,1,1,0.95512660373950886,1,1],[0,0,0,0,0,0,0.023750919969273782,0,1,1,1,1,1,1,1,1,1,1,1,0.96465118120687776,1,1],[0,0,0,0,0,0,0.023750919969273782,0,1,1,1,1,1,1,1,1,1,1,1,0.95809770308056652,1,1],[0.0048296546113252709,0,0,0.0091647995840171727,0.0091647995840171727,0.016392641167004989,0.049501276671065977,0,0.96425182014190736,0.95753537701891323,0.95018133510065639,0.93478051224678316,0.95809770308056652,0.96118195564288023,0.95969874674133,0.940873064963423,0.95512660373950886,0.96465118120687776,0.95809770308056652,1,0.96425182014190736,0.96299769977471761],[0,0,0,0,0,0,0.023750919969273782,0,1,1,1,1,1,1,1,1,1,1,1,0.96425182014190736,1,1],[0.0058489631431305625,0,0,0.011999098976908526,0.011999098976908526,0.023750919969273782,0.068393360620739807,0,1,1,1,1,1,1,1,1,1,1,1,0.96299769977471761,1,1]]}