{"matrix_with_context":[[1,0.0013211724340855455,0.0025923195846382528,0,0.0025923195846382528,0,0.0017989992091617679,0,0,0.0040555704522478525,0.0040555704522478525,0,0,0,0,0,0,0],[0.0013211724340855455,1,0.03753427281233495,0.0029768564767243791,0.03753427281233495,0,0.0022777924281824243,0.0034538575892268568,0.03753427281233495,0.019560431003895665,0.057790890043389789,0.019560431003895665,0.0048296546113252709,0.03753427281233495,0.0040555704522478525,0,0,0.0040555704522478525],[0.0025923195846382528,0.03753427281233495,1,0.26348866736294896,0.43942422276410337,0.14426559739093756,0.019560431003895665,0.03753427281233495,0.16529617667111993,0.22473070243894697,0.32568784022388853,0.16529617667111993,0.023750919969273782,0.22473070243894697,0.016392641167004989,0.016392641167004989,0,0],[0,0.0029768564767243791,0.26348866736294896,1,0.21660451007200782,0.18373584572403368,0.0048296546113252709,0.0091647995840171727,0.11734011782473977,0.11734011782473977,0.21042811478322881,0.21042811478322881,0.016392641167004989,0.21042811478322881,0.011999098976908526,0.011999098976908526,0.016392641167004989,0.011999098976908526],[0.0025923195846382528,0.03753427281233495,0.43942422276410337,0.21660451007200782,1,0.14426559739093756,0.079173757109080284,0.011999098976908526,0.16529617667111993,0.22473070243894697,0.22473070243894697,0.16529617667111993,0.11734011782473977,0.22473070243894697,0.049501276671065977,0.016392641167004989,0,0],[0,0,0.14426559739093756,0.18373584572403368,0.14426559739093756,1,0,0.0058489631431305625,0.068393360620739807,0.068393360620739807,0.068393360620739807,0.10097928530584227,0.0091647995840171727,0.10097928530584227,0.023750919969273782,0.023750919969273782,0.054807239502536013,0.044938057663749864],[0.0017989992091617679,0.0022777924281824243,0.019560431003895665,0.0048296546113252709,0.079173757109080284,0,1,0.310450739056144,0.302605583653328,0.16529617667111993,0.45496440993935694,0.1957469410690782,0.305986602951492,0.27812910984475858,0.16529617667111993,0.044938057663749864,0.082275448418156774,0.023750919969273782],[0,0.0034538575892268568,0.03753427281233495,0.0091647995840171727,0.011999098976908526,0.0058489631431305625,0.310450739056144,1,0.61664838769664443,0.52173098990921374,0.76060379900416775,0.58348764142472931,0.52173098990921374,0.60074275976456537,0.32568784022388853,0.23589722086215964,0.25218762567544,0.087874376711873176],[0,0.03753427281233495,0.16529617667111993,0.11734011782473977,0.16529617667111993,0.068393360620739807,0.302605583653328,0.61664838769664443,1,1,1,1,0.90560488392429139,1,0.74794679924355634,0.68574563429279045,0.74794679924355634,0.43942422276410337],[0.0040555704522478525,0.019560431003895665,0.22473070243894697,0.11734011782473977,0.22473070243894697,0.068393360620739807,0.16529617667111993,0.52173098990921374,1,1,1,1,0.82929087416122771,1,0.80869414296759312,0.782466108322267,0.76646943453263383,0.60885440507873478],[0.0040555704522478525,0.057790890043389789,0.32568784022388853,0.21042811478322881,0.22473070243894697,0.068393360620739807,0.45496440993935694,0.76060379900416775,1,1,1,1,0.85955267948711633,1,0.66946987211284359,0.58348764142472931,0.66946987211284359,0.25218762567544],[0,0.019560431003895665,0.16529617667111993,0.21042811478322881,0.16529617667111993,0.10097928530584227,0.1957469410690782,0.58348764142472931,1,1,1,1,0.84589079041384407,1,0.81957697688458475,0.78967270465186667,0.79641865773734644,0.66946987211284359],[0,0.0048296546113252709,0.023750919969273782,0.016392641167004989,0.11734011782473977,0.0091647995840171727,0.305986602951492,0.52173098990921374,0.90560488392429139,0.82929087416122771,0.85955267948711633,0.84589079041384407,1,0.89633202970679726,0.61664838769664443,0.52173098990921374,0.58348764142472931,0.22473070243894697],[0,0.03753427281233495,0.22473070243894697,0.21042811478322881,0.22473070243894697,0.10097928530584227,0.27812910984475858,0.60074275976456537,1,1,1,1,0.89633202970679726,1,0.88906797073604538,0.86551495514281218,0.88071027878047436,0.75755963235550883],[0,0.0040555704522478525,0.016392641167004989,0.011999098976908526,0.049501276671065977,0.023750919969273782,0.16529617667111993,0.32568784022388853,0.74794679924355634,0.80869414296759312,0.66946987211284359,0.81957697688458475,0.61664838769664443,0.88906797073604538,1,0.76646943453263383,0.72625338056190414,0.65143769059785506],[0,0,0.016392641167004989,0.011999098976908526,0.016392641167004989,0.023750919969273782,0.044938057663749864,0.23589722086215964,0.68574563429279045,0.782466108322267,0.58348764142472931,0.78967270465186667,0.52173098990921374,0.86551495514281218,0.76646943453263383,1,0.718173939325141,0.62043190647442548],[0,0,0,0.016392641167004989,0,0.054807239502536013,0.082275448418156774,0.25218762567544,0.74794679924355634,0.76646943453263383,0.66946987211284359,0.79641865773734644,0.58348764142472931,0.88071027878047436,0.72625338056190414,0.718173939325141,1,0.68049963816715942],[0,0.0040555704522478525,0,0.011999098976908526,0,0.044938057663749864,0.023750919969273782,0.087874376711873176,0.43942422276410337,0.60885440507873478,0.25218762567544,0.66946987211284359,0.22473070243894697,0.75755963235550883,0.65143769059785506,0.62043190647442548,0.68049963816715942,1]],"matrix_without_context":[[1,0.061028881996090446,0.0072294319155411183,0.013938903334611591,0.0058489631431305625,0,0.0022777924281824243,0.068393360620739807,0.0058489631431305625,0.0091647995840171727,0,0.023750919969273782,0.0029768564767243791,0,0,0,0,0],[0.061028881996090446,1,0.19148399940098593,0.23589722086215964,0.11734011782473977,0.054807239502536013,0.068393360620739807,0.367993311389692,0.16529617667111993,0.25218762567544,0.40570061213457737,0.11033862621988332,0.011999098976908526,0.057790890043389789,0.029461036605717937,0.0091647995840171727,0.011999098976908526,0.011999098976908526],[0.0072294319155411183,0.19148399940098593,1,0.41963602566300873,0.60074275976456537,0.068393360620739807,0.057790890043389789,0.16529617667111993,0.61664838769664443,0.80869414296759312,0.90560488392429139,0.60885440507873478,0.21660451007200782,0.4144824997410867,0.55468612964981845,0.52173098990921374,0.43942422276410337,0.32568784022388853],[0.013938903334611591,0.23589722086215964,0.41963602566300873,1,0.302605583653328,0.049501276671065977,0.03753427281233495,0.21660451007200782,0.27812910984475858,0.4837036383374641,0.59656183305962562,0.3984965425184302,0.10753287734811902,0.21660451007200782,0.20166435442006905,0.20166435442006905,0.11734011782473977,0.068393360620739807],[0.0058489631431305625,0.11734011782473977,0.60074275976456537,0.302605583653328,1,0.10097928530584227,0.049501276671065977,0.12709828237865858,0.66069038817449055,0.83801418019047558,0.72625338056190414,0.782466108322267,0.3578733656260219,0.69477055413362632,0.76646943453263383,0.75443744939597512,0.55468612964981845,0.55468612964981845],[0,0.054807239502536013,0.068393360620739807,0.049501276671065977,0.10097928530584227,1,0.0058489631431305625,0.068393360620739807,0.03753427281233495,0.32568784022388853,0.16529617667111993,0.068393360620739807,0.0091647995840171727,0.11734011782473977,0.38738178682260033,0.43942422276410337,0.89633202970679726,0.89633202970679726],[0.0022777924281824243,0.068393360620739807,0.057790890043389789,0.03753427281233495,0.049501276671065977,0.0058489631431305625,1,0.095019041149513025,0.068393360620739807,0.044938057663749864,0.16529617667111993,0.03753427281233495,0.018408999651278343,0.042891985515912841,0.03753427281233495,0.019560431003895665,0.0072294319155411183,0.0072294319155411183],[0.068393360620739807,0.367993311389692,0.16529617667111993,0.21660451007200782,0.12709828237865858,0.068393360620739807,0.095019041149513025,1,0.12709828237865858,0.367993311389692,0.46970564488467387,0.16529617667111993,0.057790890043389789,0.011999098976908526,0.068393360620739807,0.023750919969273782,0.10097928530584227,0.03753427281233495],[0.0058489631431305625,0.16529617667111993,0.61664838769664443,0.27812910984475858,0.66069038817449055,0.03753427281233495,0.068393360620739807,0.12709828237865858,1,0.8337666549946805,0.77475024407828419,0.74110574870396628,0.45115654190264304,0.60402674120718192,0.63135375081592382,0.5442033162640002,0.38738178682260033,0.25218762567544],[0.0091647995840171727,0.25218762567544,0.80869414296759312,0.4837036383374641,0.83801418019047558,0.32568784022388853,0.044938057663749864,0.367993311389692,0.8337666549946805,1,1,0.93340820557187709,0.43942422276410337,0.74794679924355634,0.83801418019047558,0.84589079041384407,1,1],[0,0.40570061213457737,0.90560488392429139,0.59656183305962562,0.72625338056190414,0.16529617667111993,0.16529617667111993,0.46970564488467387,0.77475024407828419,1,1,0.83801418019047558,0.27812910984475858,0.63135375081592382,0.74794679924355634,0.72625338056190414,1,1],[0.023750919969273782,0.11033862621988332,0.60885440507873478,0.3984965425184302,0.782466108322267,0.068393360620739807,0.03753427281233495,0.16529617667111993,0.74110574870396628,0.93340820557187709,0.83801418019047558,1,0.41074869606557912,0.72023786948305613,0.77475024407828419,0.782466108322267,0.52173098990921374,0.43942422276410337],[0.0029768564767243791,0.011999098976908526,0.21660451007200782,0.10753287734811902,0.3578733656260219,0.0091647995840171727,0.018408999651278343,0.057790890043389789,0.45115654190264304,0.43942422276410337,0.27812910984475858,0.41074869606557912,1,0.310450739056144,0.344423617934296,0.28526904819372234,0.16529617667111993,0.10097928530584227],[0,0.057790890043389789,0.4144824997410867,0.21660451007200782,0.69477055413362632,0.11734011782473977,0.042891985515912841,0.011999098976908526,0.60402674120718192,0.74794679924355634,0.63135375081592382,0.72023786948305613,0.310450739056144,1,0.78967270465186667,0.782466108322267,0.49700969553598839,0.49700969553598839],[0,0.029461036605717937,0.55468612964981845,0.20166435442006905,0.76646943453263383,0.38738178682260033,0.03753427281233495,0.068393360620739807,0.63135375081592382,0.83801418019047558,0.74794679924355634,0.77475024407828419,0.344423617934296,0.78967270465186667,1,0.89282284594887551,0.82929087416122771,0.82929087416122771],[0,0.0091647995840171727,0.52173098990921374,0.20166435442006905,0.75443744939597512,0.43942422276410337,0.019560431003895665,0.023750919969273782,0.5442033162640002,0.84589079041384407,0.72625338056190414,0.782466108322267,0.28526904819372234,0.782466108322267,0.89282284594887551,1,0.83801418019047558,0.84589079041384407],[0,0.011999098976908526,0.43942422276410337,0.11734011782473977,0.55468612964981845,0.89633202970679726,0.0072294319155411183,0.10097928530584227,0.38738178682260033,1,1,0.52173098990921374,0.16529617667111993,0.49700969553598839,0.82929087416122771,0.83801418019047558,1,1],[0,0.011999098976908526,0.32568784022388853,0.068393360620739807,0.55468612964981845,0.89633202970679726,0.0072294319155411183,0.03753427281233495,0.25218762567544,1,1,0.43942422276410337,0.10097928530584227,0.49700969553598839,0.82929087416122771,0.84589079041384407,1,1]]}