{"matrix_with_context":[[1,0.74794679924355634,0,0,0,0,0,0.068393360620739807,0,0,0,0,0,0,0,0,0,0,0,0],[0.74794679924355634,1,0,0,0,0,0,1,0,0,0,0,0,0,0,0,0,0,0,0],[0,0,1,0.16529617667111993,0.0805298297250278,0.14426559739093756,0.0017989992091617679,0,0,0,0,0,0,0,0,0,0,0,0,0.0040555704522478525],[0,0,0.16529617667111993,1,0.32568784022388853,0.89633202970679726,0.0058489631431305625,0,0,0,0,0,0,0,0,0,0,0,0,0],[0,0,0.0805298297250278,0.32568784022388853,1,0.29460544256708671,0.013242899847723307,0,0,0,0,0,0,0,0,0,0,0,0,0],[0,0,0.14426559739093756,0.89633202970679726,0.29460544256708671,1,0.0048296546113252709,0,0,0,0,0,0,0,0,0,0,0,0,0],[0,0,0.0017989992091617679,0.0058489631431305625,0.013242899847723307,0.0048296546113252709,1,0,0,0,0,0,0,0,0,0,0,0,0,0],[0.068393360620739807,1,0,0,0,0,0,1,1,0.52173098990921374,1,1,1,1,0.16529617667111993,1,1,0.52173098990921374,1,0.16529617667111993],[0,0,0,0,0,0,0,1,1,0.43942422276410337,1,1,1,1,0.16529617667111993,1,1,0.43942422276410337,1,0.10097928530584227],[0,0,0,0,0,0,0,0.52173098990921374,0.43942422276410337,1,0.9237868937967405,0.91993097384579448,0.93857790629280613,0.91566428005117884,0.79641865773734644,0.91335582996733766,0.91566428005117884,0.8909777033503703,0.9109175168146969,0.67781107701750676],[0,0,0,0,0,0,0,1,1,0.9237868937967405,1,1,1,1,0.95170208119026189,1,1,0.92557890878718818,1,0.76646943453263383],[0,0,0,0,0,0,0,1,1,0.91993097384579448,1,1,1,1,0.95170208119026189,1,1,0.92190648315005508,1,0.76060379900416775],[0,0,0,0,0,0,0,1,1,0.93857790629280613,1,1,1,1,0.88906797073604538,1,1,0.940873064963423,1,0.718173939325141],[0,0,0,0,0,0,0,1,1,0.91566428005117884,1,1,1,1,0.95512660373950886,1,1,0.91993097384579448,1,0.782466108322267],[0,0,0,0,0,0,0,0.16529617667111993,0.16529617667111993,0.79641865773734644,0.95170208119026189,0.95170208119026189,0.88906797073604538,0.95512660373950886,1,0.95381676287276362,0.95448110306179013,0.80869414296759312,0.95242816618006232,0.66069038817449055],[0,0,0,0,0,0,0,1,1,0.91335582996733766,1,1,1,1,0.95381676287276362,1,1,0.91785296792380566,1,0.77205572242034937],[0,0,0,0,0,0,0,1,1,0.91566428005117884,1,1,1,1,0.95448110306179013,1,1,0.91993097384579448,1,0.78732395728382543],[0,0,0,0,0,0,0,0.52173098990921374,0.43942422276410337,0.8909777033503703,0.92557890878718818,0.92190648315005508,0.940873064963423,0.91993097384579448,0.80869414296759312,0.91785296792380566,0.91993097384579448,1,0.91566428005117884,0.67781107701750676],[0,0,0,0,0,0,0,1,1,0.9109175168146969,1,1,1,1,0.95242816618006232,1,1,0.91566428005117884,1,0.76646943453263383],[0,0,0.0040555704522478525,0,0,0,0,0.16529617667111993,0.10097928530584227,0.67781107701750676,0.76646943453263383,0.76060379900416775,0.718173939325141,0.782466108322267,0.66069038817449055,0.77205572242034937,0.78732395728382543,0.67781107701750676,0.76646943453263383,1]],"matrix_without_context":[[1,0.79641865773734644,0,0,0,0,0.042891985515912841,0.32568784022388853,1,1,0,0,0,0,0,0,0,0,0,0],[0.79641865773734644,1,0,0,0,0,0.04668351201829516,0.10097928530584227,0.25218762567544,0.068393360620739807,0,0,0,0,0,0.03753427281233495,0,0.03753427281233495,0,0],[0,0,1,0.45797472464962458,0.14957205893541087,0.50718819387846492,0,0,0,0,0,0,0,0,0,0,0,0,0,0.010438766674641539],[0,0,0.45797472464962458,1,0.305986602951492,1,0,0,0,1,0,0,0,0,0,0,0,0,0,0.023750919969273782],[0,0,0.14957205893541087,0.305986602951492,1,0.32568784022388853,0,0,0,0,0,0,0,0,0,0,0,0,0,0.0022777924281824243],[0,0,0.50718819387846492,1,0.32568784022388853,1,0,0,0,1,0,0,0,0,0,0,0,0,0,0.023750919969273782],[0.042891985515912841,0.04668351201829516,0,0,0,0,1,0,0.0040555704522478525,0,0,0,0,0,0,0.0034538575892268568,0,0.0034538575892268568,0,0],[0.32568784022388853,0.10097928530584227,0,0,0,0,0,1,0.88906797073604538,0,0,0,0,0.16529617667111993,0,0,0,0,0,0.0058489631431305625],[1,0.25218762567544,0,0,0,0,0.0040555704522478525,0.88906797073604538,1,0,0,0,0,1,0,0.16529617667111993,0,0.16529617667111993,0,0.0072294319155411183],[1,0.068393360620739807,0,1,0,1,0,0,0,1,0.91993097384579448,1,0.91566428005117884,1,1,0.89961885562938126,1,0.92728861586556688,1,0.023750919969273782],[0,0,0,0,0,0,0,0,0,0.91993097384579448,1,0.96542372148473377,0.83801418019047558,0.96384333295553426,0.96342540323599835,0.92971083664820564,0.96425182014190736,0.8909777033503703,0.96384333295553426,0.079173757109080284],[0,0,0,0,0,0,0,0,0,1,0.96542372148473377,1,0.90560488392429139,1,1,0.96425182014190736,1,0.93609741512283307,1,0.0927848763623698],[0,0,0,0,0,0,0,0,0,0.91566428005117884,0.83801418019047558,0.90560488392429139,1,0.89282284594887551,0.89282284594887551,0.802746616928881,0.88906797073604538,0.84954912628525936,0.88906797073604538,0.019560431003895665],[0,0,0,0,0,0,0,0.16529617667111993,1,1,0.96384333295553426,1,0.89282284594887551,1,1,0.96652123194661388,1,0.92728861586556688,1,0.11734011782473977],[0,0,0,0,0,0,0,0,0,1,0.96342540323599835,1,0.89282284594887551,1,1,0.96755121653831377,1,0.92728861586556688,1,0.11734011782473977],[0,0.03753427281233495,0,0,0,0,0.0034538575892268568,0,0.16529617667111993,0.89961885562938126,0.92971083664820564,0.96425182014190736,0.802746616928881,0.96652123194661388,0.96755121653831377,1,0.96788060511003338,0.86831043418409337,0.96755121653831377,0.10097928530584227],[0,0,0,0,0,0,0,0,0,1,0.96425182014190736,1,0.88906797073604538,1,1,0.96788060511003338,1,0.92892155650183061,1,0.11734011782473977],[0,0.03753427281233495,0,0,0,0,0.0034538575892268568,0,0.16529617667111993,0.92728861586556688,0.8909777033503703,0.93609741512283307,0.84954912628525936,0.92728861586556688,0.92728861586556688,0.86831043418409337,0.92892155650183061,1,0.92728861586556688,0.057790890043389789],[0,0,0,0,0,0,0,0,0,1,0.96384333295553426,1,0.88906797073604538,1,1,0.96755121653831377,1,0.92728861586556688,1,0.11734011782473977],[0,0,0.010438766674641539,0.023750919969273782,0.0022777924281824243,0.023750919969273782,0,0.0058489631431305625,0.0072294319155411183,0.023750919969273782,0.079173757109080284,0.0927848763623698,0.019560431003895665,0.11734011782473977,0.11734011782473977,0.10097928530584227,0.11734011782473977,0.057790890043389789,0.11734011782473977,1]]}