{"matrix_with_context":[[1,0.4837036383374641,0.79641865773734644,0.65143769059785506,0.52173098990921374,0.52173098990921374,0.52173098990921374,0.049501276671065977,0.023750919969273782,0.023750919969273782,0.16529617667111993,0.16529617667111993,0.16529617667111993,0.068393360620739807,0.16529617667111993,0.16529617667111993,0.16529617667111993,0.16529617667111993,0,0.16529617667111993,0.10097928530584227,0.068393360620739807,0.16529617667111993,0.16529617667111993],[0.4837036383374641,1,0.43942422276410337,0.60885440507873478,0.22473070243894697,0.43942422276410337,0.27812910984475858,0.13816512106135553,0.13356650750221294,0.068393360620739807,0,0,0,0,0.03753427281233495,0,0,0,0,0,0,0,0,0],[0.79641865773734644,0.43942422276410337,1,0.65143769059785506,0.52173098990921374,0.49700969553598839,0.52173098990921374,0.087874376711873176,0.023750919969273782,0.023750919969273782,0,0,0,0,0,0,0,0,0,0,0.03753427281233495,0,0,0],[0.65143769059785506,0.60885440507873478,0.65143769059785506,1,0.79641865773734644,0.76060379900416775,0.81957697688458475,0.3984965425184302,0.43942422276410337,0.3578733656260219,0,0,0,0,0,0,0,0,0,0,0.10097928530584227,0,0,0],[0.52173098990921374,0.22473070243894697,0.52173098990921374,0.79641865773734644,1,0.65143769059785506,1,0.4837036383374641,0.49700969553598839,0.367993311389692,1,1,1,0.16529617667111993,1,1,1,1,1,1,0.25218762567544,0.16529617667111993,1,1],[0.52173098990921374,0.43942422276410337,0.49700969553598839,0.76060379900416775,0.65143769059785506,1,0.66946987211284359,0.27812910984475858,0.32568784022388853,0.26793175283660747,0.068393360620739807,0.068393360620739807,0,0.03753427281233495,0.068393360620739807,0.068393360620739807,0.068393360620739807,0.068393360620739807,0.068393360620739807,0.068393360620739807,0.11734011782473977,0.03753427281233495,0,0.068393360620739807],[0.52173098990921374,0.27812910984475858,0.52173098990921374,0.81957697688458475,1,0.66946987211284359,1,0.52173098990921374,0.52173098990921374,0.40570061213457737,0,0,0,0,0,0,0,0,0,0,0.16529617667111993,0,0,0],[0.049501276671065977,0.13816512106135553,0.087874376711873176,0.3984965425184302,0.4837036383374641,0.27812910984475858,0.52173098990921374,1,0.51142971717912489,0.36224629726423152,0.25218762567544,0.25218762567544,0.25218762567544,0.20166435442006905,0.25218762567544,0.25218762567544,0.25218762567544,0.25218762567544,0.21042811478322881,0.25218762567544,0.1957469410690782,0.20166435442006905,0.21042811478322881,0.21042811478322881],[0.023750919969273782,0.13356650750221294,0.023750919969273782,0.43942422276410337,0.49700969553598839,0.32568784022388853,0.52173098990921374,0.51142971717912489,1,0.533229525239399,0.49700969553598839,0.49700969553598839,0.46970564488467387,0.4144824997410867,0.49700969553598839,0.49700969553598839,0.49700969553598839,0.49700969553598839,0.46970564488467387,0.49700969553598839,0.37588203934864839,0.4144824997410867,0.43942422276410337,0.43942422276410337],[0.023750919969273782,0.068393360620739807,0.023750919969273782,0.3578733656260219,0.367993311389692,0.26793175283660747,0.40570061213457737,0.36224629726423152,0.533229525239399,1,0.43942422276410337,0.43942422276410337,0.43942422276410337,0.3578733656260219,0.43942422276410337,0.43942422276410337,0.43942422276410337,0.43942422276410337,0.43942422276410337,0.43942422276410337,0.35165932462127825,0.3578733656260219,0.43942422276410337,0.367993311389692],[0.16529617667111993,0,0,0,1,0.068393360620739807,0,0.25218762567544,0.49700969553598839,0.43942422276410337,1,1,1,0.96943208967632744,1,1,1,1,1,1,0.91335582996733766,0.96504171858250809,1,1],[0.16529617667111993,0,0,0,1,0.068393360620739807,0,0.25218762567544,0.49700969553598839,0.43942422276410337,1,1,1,0.97236846408341449,1,1,1,1,1,1,0.92093106089904242,0.96616321889067114,1,1],[0.16529617667111993,0,0,0,1,0,0,0.25218762567544,0.46970564488467387,0.43942422276410337,1,1,1,0.97162508486509036,1,1,1,1,1,1,0.91993097384579448,0.96504171858250809,1,1],[0.068393360620739807,0,0,0,0.16529617667111993,0.03753427281233495,0,0.20166435442006905,0.4144824997410867,0.3578733656260219,0.96943208967632744,0.97236846408341449,0.97162508486509036,1,0.97374419265212842,0.9728427833083847,0.97187728252494254,0.97330109383865127,0.968203374023381,0.96913389981432208,0.89282284594887551,0.93673612788773952,0.96465118120687776,0.96652123194661388],[0.16529617667111993,0.03753427281233495,0,0,1,0.068393360620739807,0,0.25218762567544,0.49700969553598839,0.43942422276410337,1,1,1,0.97374419265212842,1,1,1,1,1,1,0.92892155650183061,0.96882983530662026,1,1],[0.16529617667111993,0,0,0,1,0.068393360620739807,0,0.25218762567544,0.49700969553598839,0.43942422276410337,1,1,1,0.9728427833083847,1,1,1,1,1,1,0.92285814157070822,0.96652123194661388,1,1],[0.16529617667111993,0,0,0,1,0.068393360620739807,0,0.25218762567544,0.49700969553598839,0.43942422276410337,1,1,1,0.97187728252494254,1,1,1,1,1,1,0.92190648315005508,0.96652123194661388,1,1],[0.16529617667111993,0,0,0,1,0.068393360620739807,0,0.25218762567544,0.49700969553598839,0.43942422276410337,1,1,1,0.97330109383865127,1,1,1,1,1,1,0.92971083664820564,0.96913389981432208,1,1],[0,0,0,0,1,0.068393360620739807,0,0.21042811478322881,0.46970564488467387,0.43942422276410337,1,1,1,0.968203374023381,1,1,1,1,1,1,0.92811435529209707,0.96788060511003338,1,1],[0.16529617667111993,0,0,0,1,0.068393360620739807,0,0.25218762567544,0.49700969553598839,0.43942422276410337,1,1,1,0.96913389981432208,1,1,1,1,1,1,0.92644369241297841,0.96882983530662026,1,1],[0.10097928530584227,0,0.03753427281233495,0.10097928530584227,0.25218762567544,0.11734011782473977,0.16529617667111993,0.1957469410690782,0.37588203934864839,0.35165932462127825,0.91335582996733766,0.92093106089904242,0.91993097384579448,0.89282284594887551,0.92892155650183061,0.92285814157070822,0.92190648315005508,0.92971083664820564,0.92811435529209707,0.92644369241297841,1,0.88775723926675576,0.9167730043966178,0.91785296792380566],[0.068393360620739807,0,0,0,0.16529617667111993,0.03753427281233495,0,0.20166435442006905,0.4144824997410867,0.3578733656260219,0.96504171858250809,0.96616321889067114,0.96504171858250809,0.93673612788773952,0.96882983530662026,0.96652123194661388,0.96652123194661388,0.96913389981432208,0.96788060511003338,0.96882983530662026,0.88775723926675576,1,0.96465118120687776,0.967215002568428],[0.16529617667111993,0,0,0,1,0,0,0.21042811478322881,0.43942422276410337,0.43942422276410337,1,1,1,0.96465118120687776,1,1,1,1,1,1,0.9167730043966178,0.96465118120687776,1,1],[0.16529617667111993,0,0,0,1,0.068393360620739807,0,0.21042811478322881,0.43942422276410337,0.367993311389692,1,1,1,0.96652123194661388,1,1,1,1,1,1,0.91785296792380566,0.967215002568428,1,1]],"matrix_without_context":[[1,1,0.69082370811937455,0.40570061213457737,0.46970564488467387,0.65143769059785506,0.58348764142472931,0.27812910984475858,0.011999098976908526,0.023750919969273782,0,0,0,0.16529617667111993,1,1,0,0,0,0,0,0,0,0],[1,1,0.56470905735878529,0.70960684217289294,0.69082370811937455,0.82929087416122771,0.79641865773734644,0.56470905735878529,0.011999098976908526,0.0927848763623698,0,1,0,0,0,0,0,0,0,0,0,0,0,0],[0.69082370811937455,0.56470905735878529,1,0.16529617667111993,0.302605583653328,0.35165932462127825,0.32568784022388853,0.13356650750221294,0,0.0040555704522478525,0,0,0,0,0,0,0,0,0,0,0,0,0,0],[0.40570061213457737,0.70960684217289294,0.16529617667111993,1,0.40570061213457737,0.60402674120718192,0.58348764142472931,0.38738178682260033,0.057790890043389789,0.077204123756325377,0,0.03753427281233495,0,0,0,0,0,0,0.03753427281233495,0,0,0.03753427281233495,0.023750919969273782,0.10097928530584227],[0.46970564488467387,0.69082370811937455,0.302605583653328,0.40570061213457737,1,0.49176719594574542,0.56075318675449481,0.25218762567544,0.019560431003895665,0.027346467968911305,0,0,0,0,0,0,0,0,0,0,0,0,0,0.03753427281233495],[0.65143769059785506,0.82929087416122771,0.35165932462127825,0.60402674120718192,0.49176719594574542,1,0.66069038817449055,0.37588203934864839,0.023750919969273782,0.049501276671065977,0,0,0,0,0,0,0,0,0,0.068393360620739807,0,0.068393360620739807,0.03753427281233495,0.068393360620739807],[0.58348764142472931,0.79641865773734644,0.32568784022388853,0.58348764142472931,0.56075318675449481,0.66069038817449055,1,0.49176719594574542,0.068393360620739807,0.031832942175295559,0.068393360620739807,0.068393360620739807,0.068393360620739807,0,0.068393360620739807,0,0,0,0,0,0,0.068393360620739807,0.03753427281233495,0],[0.27812910984475858,0.56470905735878529,0.13356650750221294,0.38738178682260033,0.25218762567544,0.37588203934864839,0.49176719594574542,1,0.12276874354363791,0.059701327867116627,0.03753427281233495,0.10097928530584227,0,0.068393360620739807,0.10097928530584227,0,0.068393360620739807,0.10097928530584227,0.10097928530584227,0.10097928530584227,0.10097928530584227,0.10097928530584227,0.068393360620739807,0.03753427281233495],[0.011999098976908526,0.011999098976908526,0,0.057790890043389789,0.019560431003895665,0.023750919969273782,0.068393360620739807,0.12276874354363791,1,0.12431647592372559,0.10097928530584227,0.16529617667111993,0.068393360620739807,0.16529617667111993,0.22473070243894697,0.16529617667111993,0.082275448418156774,0.22473070243894697,0.13356650750221294,0.1957469410690782,0.1957469410690782,0.22473070243894697,0.21660451007200782,0.13356650750221294],[0.023750919969273782,0.0927848763623698,0.0040555704522478525,0.077204123756325377,0.027346467968911305,0.049501276671065977,0.031832942175295559,0.059701327867116627,0.12431647592372559,1,0.023750919969273782,0.023750919969273782,0.0072294319155411183,0.019560431003895665,0.023750919969273782,0.0072294319155411183,0.0058489631431305625,0.023750919969273782,0.023750919969273782,0.023750919969273782,0.023750919969273782,0.023750919969273782,0.019560431003895665,0.0072294319155411183],[0,0,0,0,0,0,0.068393360620739807,0.03753427281233495,0.10097928530584227,0.023750919969273782,1,1,1,0.95018133510065639,1,1,0.94938448091023209,1,1,1,1,1,0.94300290984055279,1],[0,1,0,0.03753427281233495,0,0,0.068393360620739807,0.10097928530584227,0.16529617667111993,0.023750919969273782,1,1,1,0.95809770308056652,1,1,0.95448110306179013,1,1,1,1,1,0.95381676287276362,1],[0,0,0,0,0,0,0.068393360620739807,0,0.068393360620739807,0.0072294319155411183,1,1,1,0.96165239407974479,1,1,0.96020558396208777,1,1,1,1,1,0.95512660373950886,1],[0.16529617667111993,0,0,0,0,0,0,0.068393360620739807,0.16529617667111993,0.019560431003895665,0.95018133510065639,0.95809770308056652,0.96165239407974479,1,0.9657974666274276,0.96465118120687776,0.9246935567012774,0.96542372148473377,0.96069983252507052,0.96465118120687776,0.96425182014190736,0.96465118120687776,0.92644369241297841,0.96118195564288023],[1,0,0,0,0,0,0.068393360620739807,0.10097928530584227,0.22473070243894697,0.023750919969273782,1,1,1,0.9657974666274276,1,1,0.96069983252507052,1,1,1,1,1,0.96384333295553426,1],[1,0,0,0,0,0,0,0,0.16529617667111993,0.0072294319155411183,1,1,1,0.96465118120687776,1,1,0.95917883375441049,1,1,1,1,1,0.96069983252507052,1],[0,0,0,0,0,0,0,0.068393360620739807,0.082275448418156774,0.0058489631431305625,0.94938448091023209,0.95448110306179013,0.96020558396208777,0.9246935567012774,0.96069983252507052,0.95917883375441049,1,0.9586453324363079,0.95575405498662258,0.96020558396208777,0.95969874674133,0.95969874674133,0.91993097384579448,0.9563642033196601],[0,0,0,0,0,0,0,0.10097928530584227,0.22473070243894697,0.023750919969273782,1,1,1,0.96542372148473377,1,1,0.9586453324363079,1,1,1,1,1,0.96425182014190736,1],[0,0,0,0.03753427281233495,0,0,0,0.10097928530584227,0.13356650750221294,0.023750919969273782,1,1,1,0.96069983252507052,1,1,0.95575405498662258,1,1,1,1,1,0.96652123194661388,1],[0,0,0,0,0,0.068393360620739807,0,0.10097928530584227,0.1957469410690782,0.023750919969273782,1,1,1,0.96465118120687776,1,1,0.96020558396208777,1,1,1,1,1,0.96882983530662026,1],[0,0,0,0,0,0,0,0.10097928530584227,0.1957469410690782,0.023750919969273782,1,1,1,0.96425182014190736,1,1,0.95969874674133,1,1,1,1,1,0.9657974666274276,1],[0,0,0,0.03753427281233495,0,0.068393360620739807,0.068393360620739807,0.10097928530584227,0.22473070243894697,0.023750919969273782,1,1,1,0.96465118120687776,1,1,0.95969874674133,1,1,1,1,1,0.96972457350487906,1],[0,0,0,0.023750919969273782,0,0.03753427281233495,0.03753427281233495,0.068393360620739807,0.21660451007200782,0.019560431003895665,0.94300290984055279,0.95381676287276362,0.95512660373950886,0.92644369241297841,0.96384333295553426,0.96069983252507052,0.91993097384579448,0.96425182014190736,0.96652123194661388,0.96882983530662026,0.9657974666274276,0.96972457350487906,1,0.96687174884603089],[0,0,0,0.10097928530584227,0.03753427281233495,0.068393360620739807,0,0.03753427281233495,0.13356650750221294,0.0072294319155411183,1,1,1,0.96118195564288023,1,1,0.9563642033196601,1,1,1,1,1,0.96687174884603089,1]]}