{"matrix_with_context":[[1,0.11734011782473977,0.023750919969273782,0.087874376711873176,0.068393360620739807,0.25218762567544,0.11734011782473977,0.049501276671065977,0.16529617667111993,0.16529617667111993,0.4837036383374641,0.016392641167004989,0.25218762567544,0.32568784022388853,0.32568784022388853,0.16529617667111993,0.16529617667111993,0.25218762567544,0.25218762567544,0.32568784022388853,0.32568784022388853,0.38738178682260033,0.32568784022388853,0.32568784022388853,0.32568784022388853,0.32568784022388853,0.25218762567544,0.32568784022388853,0.32568784022388853],[0.11734011782473977,1,0,0,0,0.023750919969273782,0,0,0,0,0.10097928530584227,0.0058489631431305625,0.011999098976908526,0.029461036605717937,0.13816512106135553,0,0.0091647995840171727,0.03753427281233495,0.03753427281233495,0.03753427281233495,0.03753427281233495,0.03753427281233495,0.03753427281233495,0.03753427281233495,0.03753427281233495,0.03753427281233495,0.03753427281233495,0.03753427281233495,0.03753427281233495],[0.023750919969273782,0,1,0.020824021082567559,0.029461036605717937,0.011999098976908526,0.011999098976908526,0.061028881996090446,0.0040555704522478525,0.0040555704522478525,0.0048296546113252709,0,0.0048296546113252709,0.0040555704522478525,0.0040555704522478525,0.0040555704522478525,0.0040555704522478525,0,0,0,0,0,0,0,0,0,0,0,0],[0.087874376711873176,0,0.020824021082567559,1,0.32568784022388853,0.45797472464962458,0.049501276671065977,0.40570061213457737,0.5695571072448129,0.58348764142472931,0.10097928530584227,0.13356650750221294,0.22473070243894697,0.023750919969273782,0,0.11734011782473977,0.21042811478322881,0,0,0.10097928530584227,0.03753427281233495,0.10097928530584227,0.10097928530584227,0.10097928530584227,0.03753427281233495,0.10097928530584227,0.03753427281233495,0.03753427281233495,0.03753427281233495],[0.068393360620739807,0,0.029461036605717937,0.32568784022388853,1,0.25218762567544,0.03753427281233495,0.21660451007200782,0.23589722086215964,0.20166435442006905,0.11734011782473977,0.029461036605717937,0.023750919969273782,0.016392641167004989,0.016392641167004989,0.016392641167004989,0.016392641167004989,0.023750919969273782,0.023750919969273782,0.068393360620739807,0.023750919969273782,0.068393360620739807,0.068393360620739807,0.068393360620739807,0.023750919969273782,0.068393360620739807,0,0.023750919969273782,0.023750919969273782],[0.25218762567544,0.023750919969273782,0.011999098976908526,0.45797472464962458,0.25218762567544,1,0.58348764142472931,0.35165932462127825,0.63135375081592382,0.70960684217289294,0.32568784022388853,0.3984965425184302,0.65143769059785506,0.56470905735878529,0.16529617667111993,0.70960684217289294,0.700507010760774,0.068393360620739807,0.068393360620739807,0.16529617667111993,0.068393360620739807,0.16529617667111993,0.16529617667111993,0.16529617667111993,0.068393360620739807,0.16529617667111993,0.068393360620739807,0.068393360620739807,0.068393360620739807],[0.11734011782473977,0,0.011999098976908526,0.049501276671065977,0.03753427281233495,0.58348764142472931,1,0.049501276671065977,0.03753427281233495,0.16529617667111993,0.16529617667111993,0.087874376711873176,0.38738178682260033,0.43942422276410337,0.03753427281233495,0.63135375081592382,0.56470905735878529,0,0,0,0,0,0,0,0,0,0,0,0],[0.049501276671065977,0,0.061028881996090446,0.40570061213457737,0.21660451007200782,0.35165932462127825,0.049501276671065977,1,0.503418149216112,0.43942422276410337,0.10097928530584227,0.011999098976908526,0.03753427281233495,0.068393360620739807,0,0.068393360620739807,0.068393360620739807,0,0,0.16529617667111993,0.03753427281233495,0.16529617667111993,0.10097928530584227,0.16529617667111993,0.03753427281233495,0.16529617667111993,0.03753427281233495,0.03753427281233495,0.03753427281233495],[0.16529617667111993,0,0.0040555704522478525,0.5695571072448129,0.23589722086215964,0.63135375081592382,0.03753427281233495,0.503418149216112,1,0.76646943453263383,0.16529617667111993,0.21042811478322881,0.52173098990921374,0.32568784022388853,0,0.52173098990921374,0.52173098990921374,0,0,0.32568784022388853,0,0.32568784022388853,0.32568784022388853,0.32568784022388853,0,0.32568784022388853,0,0,0],[0.16529617667111993,0,0.0040555704522478525,0.58348764142472931,0.20166435442006905,0.70960684217289294,0.16529617667111993,0.43942422276410337,0.76646943453263383,1,0.16529617667111993,0.4144824997410867,0.79641865773734644,0.63135375081592382,0.068393360620739807,0.66946987211284359,0.66946987211284359,0.16529617667111993,0.16529617667111993,0.43942422276410337,0.32568784022388853,0.52173098990921374,0.43942422276410337,0.43942422276410337,0.32568784022388853,0.43942422276410337,0.32568784022388853,0.16529617667111993,0],[0.4837036383374641,0.10097928530584227,0.0048296546113252709,0.10097928530584227,0.11734011782473977,0.32568784022388853,0.16529617667111993,0.10097928530584227,0.16529617667111993,0.16529617667111993,1,0.16529617667111993,1,0.74794679924355634,0.85955267948711633,0.32568784022388853,0.52173098990921374,1,1,1,1,1,1,1,1,1,1,1,1],[0.016392641167004989,0.0058489631431305625,0,0.13356650750221294,0.029461036605717937,0.3984965425184302,0.087874376711873176,0.011999098976908526,0.21042811478322881,0.4144824997410867,0.16529617667111993,1,0.78732395728382543,0.6416731110615701,0.4144824997410867,0.62043190647442548,0.72625338056190414,0.367993311389692,0.367993311389692,0.56470905735878529,0.52173098990921374,0.46970564488467387,0.49700969553598839,0.52173098990921374,0.56470905735878529,0.52173098990921374,0.46970564488467387,0.52173098990921374,0.52173098990921374],[0.25218762567544,0.011999098976908526,0.0048296546113252709,0.22473070243894697,0.023750919969273782,0.65143769059785506,0.38738178682260033,0.03753427281233495,0.52173098990921374,0.79641865773734644,1,0.78732395728382543,1,0.95018133510065639,0.88504069074476588,0.94592477446664147,0.95917883375441049,1,1,1,1,1,1,1,1,1,1,1,1],[0.32568784022388853,0.029461036605717937,0.0040555704522478525,0.023750919969273782,0.016392641167004989,0.56470905735878529,0.43942422276410337,0.068393360620739807,0.32568784022388853,0.63135375081592382,0.74794679924355634,0.6416731110615701,0.95018133510065639,1,0.85636909672498807,0.9109175168146969,0.91215358130956836,0.93478051224678316,0.93609741512283307,0.95095349168693977,0.95018133510065639,0.94498467729659308,0.94592477446664147,0.94856172512354742,0.94771178421162194,0.94938448091023209,0.94195751511670334,0.94771178421162194,0.9440113212095137],[0.32568784022388853,0.13816512106135553,0.0040555704522478525,0,0.016392641167004989,0.16529617667111993,0.03753427281233495,0,0,0.068393360620739807,0.85955267948711633,0.4144824997410867,0.88504069074476588,0.85636909672498807,1,0.75755963235550883,0.78967270465186667,0.93478051224678316,0.93609741512283307,0.94300290984055279,0.94683328843174164,0.94300290984055279,0.93974732960849294,0.94195751511670334,0.94498467729659308,0.9440113212095137,0.940873064963423,0.94300290984055279,0.94300290984055279],[0.16529617667111993,0,0.0040555704522478525,0.11734011782473977,0.016392641167004989,0.70960684217289294,0.63135375081592382,0.068393360620739807,0.52173098990921374,0.66946987211284359,0.32568784022388853,0.62043190647442548,0.94592477446664147,0.9109175168146969,0.75755963235550883,1,0.92093106089904242,0.89633202970679726,0.89961885562938126,0.9237868937967405,0.92190648315005508,0.9109175168146969,0.91335582996733766,0.91785296792380566,0.91785296792380566,0.91993097384579448,0.9109175168146969,0.91566428005117884,0.9109175168146969],[0.16529617667111993,0.0091647995840171727,0.0040555704522478525,0.21042811478322881,0.016392641167004989,0.700507010760774,0.56470905735878529,0.068393360620739807,0.52173098990921374,0.66946987211284359,0.52173098990921374,0.72625338056190414,0.95917883375441049,0.91215358130956836,0.78967270465186667,0.92093106089904242,1,0.90833807169528191,0.9109175168146969,0.93197692469577953,0.93048278580024735,0.92190648315005508,0.9237868937967405,0.92728861586556688,0.92892155650183061,0.92892155650183061,0.92190648315005508,0.92728861586556688,0.9237868937967405],[0.25218762567544,0.03753427281233495,0,0,0.023750919969273782,0.068393360620739807,0,0,0,0.16529617667111993,1,0.367993311389692,1,0.93478051224678316,0.93478051224678316,0.89633202970679726,0.90833807169528191,1,1,1,1,1,1,1,1,1,1,1,1],[0.25218762567544,0.03753427281233495,0,0,0.023750919969273782,0.068393360620739807,0,0,0,0.16529617667111993,1,0.367993311389692,1,0.93609741512283307,0.93609741512283307,0.89961885562938126,0.9109175168146969,1,1,1,1,1,1,1,1,1,1,1,1],[0.32568784022388853,0.03753427281233495,0,0.10097928530584227,0.068393360620739807,0.16529617667111993,0,0.16529617667111993,0.32568784022388853,0.43942422276410337,1,0.56470905735878529,1,0.95095349168693977,0.94300290984055279,0.9237868937967405,0.93197692469577953,1,1,1,1,1,1,1,1,1,1,1,1],[0.32568784022388853,0.03753427281233495,0,0.03753427281233495,0.023750919969273782,0.068393360620739807,0,0.03753427281233495,0,0.32568784022388853,1,0.52173098990921374,1,0.95018133510065639,0.94683328843174164,0.92190648315005508,0.93048278580024735,1,1,1,1,1,1,1,1,1,1,1,1],[0.38738178682260033,0.03753427281233495,0,0.10097928530584227,0.068393360620739807,0.16529617667111993,0,0.16529617667111993,0.32568784022388853,0.52173098990921374,1,0.46970564488467387,1,0.94498467729659308,0.94300290984055279,0.9109175168146969,0.92190648315005508,1,1,1,1,1,1,1,1,1,1,1,1],[0.32568784022388853,0.03753427281233495,0,0.10097928530584227,0.068393360620739807,0.16529617667111993,0,0.10097928530584227,0.32568784022388853,0.43942422276410337,1,0.49700969553598839,1,0.94592477446664147,0.93974732960849294,0.91335582996733766,0.9237868937967405,1,1,1,1,1,1,1,1,1,1,1,1],[0.32568784022388853,0.03753427281233495,0,0.10097928530584227,0.068393360620739807,0.16529617667111993,0,0.16529617667111993,0.32568784022388853,0.43942422276410337,1,0.52173098990921374,1,0.94856172512354742,0.94195751511670334,0.91785296792380566,0.92728861586556688,1,1,1,1,1,1,1,1,1,1,1,1],[0.32568784022388853,0.03753427281233495,0,0.03753427281233495,0.023750919969273782,0.068393360620739807,0,0.03753427281233495,0,0.32568784022388853,1,0.56470905735878529,1,0.94771178421162194,0.94498467729659308,0.91785296792380566,0.92892155650183061,1,1,1,1,1,1,1,1,1,1,1,1],[0.32568784022388853,0.03753427281233495,0,0.10097928530584227,0.068393360620739807,0.16529617667111993,0,0.16529617667111993,0.32568784022388853,0.43942422276410337,1,0.52173098990921374,1,0.94938448091023209,0.9440113212095137,0.91993097384579448,0.92892155650183061,1,1,1,1,1,1,1,1,1,1,1,1],[0.25218762567544,0.03753427281233495,0,0.03753427281233495,0,0.068393360620739807,0,0.03753427281233495,0,0.32568784022388853,1,0.46970564488467387,1,0.94195751511670334,0.940873064963423,0.9109175168146969,0.92190648315005508,1,1,1,1,1,1,1,1,1,1,1,1],[0.32568784022388853,0.03753427281233495,0,0.03753427281233495,0.023750919969273782,0.068393360620739807,0,0.03753427281233495,0,0.16529617667111993,1,0.52173098990921374,1,0.94771178421162194,0.94300290984055279,0.91566428005117884,0.92728861586556688,1,1,1,1,1,1,1,1,1,1,1,1],[0.32568784022388853,0.03753427281233495,0,0.03753427281233495,0.023750919969273782,0.068393360620739807,0,0.03753427281233495,0,0,1,0.52173098990921374,1,0.9440113212095137,0.94300290984055279,0.9109175168146969,0.9237868937967405,1,1,1,1,1,1,1,1,1,1,1,1]],"matrix_without_context":[[1,0.16529617667111993,0.016392641167004989,0.011999098976908526,0.0072294319155411183,0.367993311389692,0.25218762567544,0.0072294319155411183,0.054807239502536013,0.52173098990921374,0.32568784022388853,0.22473070243894697,0.46970564488467387,0.40570061213457737,0.13063054116286074,0.367993311389692,0.32568784022388853,0.32568784022388853,0.46970564488467387,0.27812910984475858,0.46970564488467387,0.3578733656260219,0.27812910984475858,0.367993311389692,0.367993311389692,0.27812910984475858,0.27812910984475858,0.40570061213457737,0.25218762567544],[0.16529617667111993,1,0.0034538575892268568,0,0.0048296546113252709,0.016392641167004989,0.068393360620739807,0.0048296546113252709,0.03753427281233495,0.12709828237865858,0.087874376711873176,0.0927848763623698,0.12709828237865858,0.16529617667111993,0.061028881996090446,0.049501276671065977,0.016392641167004989,0.12276874354363791,0.049501276671065977,0.16529617667111993,0.12709828237865858,0.10097928530584227,0.049501276671065977,0.087874376711873176,0.12709828237865858,0.087874376711873176,0.049501276671065977,0.16529617667111993,0.16529617667111993],[0.016392641167004989,0.0034538575892268568,1,0.068393360620739807,0.052585685013413992,0.054807239502536013,0.023750919969273782,0.023750919969273782,0.027346467968911305,0.0091647995840171727,0,0,0,0.0091647995840171727,0,0.054807239502536013,0,0,0,0,0.0091647995840171727,0,0,0,0,0,0.0091647995840171727,0,0],[0.011999098976908526,0,0.068393360620739807,1,0.34213265752257516,0.03753427281233495,0.023750919969273782,0.25218762567544,0.305986602951492,0.32568784022388853,0,0,0.10097928530584227,0.10097928530584227,0.0040555704522478525,0.03753427281233495,0.10097928530584227,0,0.10097928530584227,0.03753427281233495,0.10097928530584227,0,0.03753427281233495,0.03753427281233495,0.03753427281233495,0,0.03753427281233495,0.03753427281233495,0.023750919969273782],[0.0072294319155411183,0.0048296546113252709,0.052585685013413992,0.34213265752257516,1,0,0,0.10753287734811902,0.14426559739093756,0.049501276671065977,0,0,0,0,0,0,0,0,0,0,0.016392641167004989,0,0,0,0,0,0,0,0],[0.367993311389692,0.016392641167004989,0.054807239502536013,0.03753427281233495,0,1,0.88071027878047436,0,0.21042811478322881,1,1,0.367993311389692,1,1,0.0072294319155411183,1,1,0.068393360620739807,1,1,1,0.32568784022388853,1,1,1,1,1,1,0.32568784022388853],[0.25218762567544,0.068393360620739807,0.023750919969273782,0.023750919969273782,0,0.88071027878047436,1,0,0.16529617667111993,0.80869414296759312,0.43942422276410337,0.53877983779138638,0.90560488392429139,0.90560488392429139,0.019560431003895665,0.87099219668878736,0.90833807169528191,0.087874376711873176,0.32568784022388853,0.52173098990921374,0.43942422276410337,0.32568784022388853,0.43942422276410337,0.43942422276410337,0.43942422276410337,0.52173098990921374,0.43942422276410337,0.52173098990921374,0.38738178682260033],[0.0072294319155411183,0.0048296546113252709,0.023750919969273782,0.25218762567544,0.10753287734811902,0,0,1,0.26100126021657916,0.23589722086215964,0,0,0.016392641167004989,0,0,0,0.087874376711873176,0,0.016392641167004989,0,0,0,0,0,0,0,0.016392641167004989,0,0],[0.054807239502536013,0.03753427281233495,0.027346467968911305,0.305986602951492,0.14426559739093756,0.21042811478322881,0.16529617667111993,0.26100126021657916,1,0.55468612964981845,0,0.029461036605717937,0.25218762567544,0.29054636929714839,0.0034538575892268568,0.21042811478322881,0.29054636929714839,0,0.068393360620739807,0.023750919969273782,0.068393360620739807,0.016392641167004989,0,0,0,0,0,0.023750919969273782,0.049501276671065977],[0.52173098990921374,0.12709828237865858,0.0091647995840171727,0.32568784022388853,0.049501276671065977,1,0.80869414296759312,0.23589722086215964,0.55468612964981845,1,1,0.52173098990921374,1,1,0.023750919969273782,1,1,0.023750919969273782,1,1,1,0,0,0,1,0,0,1,0.32568784022388853],[0.32568784022388853,0.087874376711873176,0,0,0,1,0.43942422276410337,0,0,1,1,0.367993311389692,1,1,0.27178351098514891,1,1,0.58348764142472931,1,1,1,0.94683328843174164,1,1,1,1,1,1,0.94592477446664147],[0.22473070243894697,0.0927848763623698,0,0,0,0.367993311389692,0.53877983779138638,0,0.029461036605717937,0.52173098990921374,0.367993311389692,1,0.74794679924355634,0.56470905735878529,0.077204123756325377,0.27812910984475858,0.6576605631976371,0.082275448418156774,0.27812910984475858,0.43942422276410337,0.367993311389692,0.25218762567544,0.32568784022388853,0.22473070243894697,0.43942422276410337,0.27812910984475858,0.367993311389692,0.40570061213457737,0.16529617667111993],[0.46970564488467387,0.12709828237865858,0,0.10097928530584227,0,1,0.90560488392429139,0.016392641167004989,0.25218762567544,1,1,0.74794679924355634,1,1,0.068393360620739807,1,1,0.11734011782473977,1,1,1,0.63135375081592382,1,1,1,1,1,1,0.52173098990921374],[0.40570061213457737,0.16529617667111993,0.0091647995840171727,0.10097928530584227,0,1,0.90560488392429139,0,0.29054636929714839,1,1,0.56470905735878529,1,1,0.0072294319155411183,1,1,0.16529617667111993,1,1,1,0.43942422276410337,0,1,1,1,1,1,0.52173098990921374],[0.13063054116286074,0.061028881996090446,0,0.0040555704522478525,0,0.0072294319155411183,0.019560431003895665,0,0.0034538575892268568,0.023750919969273782,0.27178351098514891,0.077204123756325377,0.068393360620739807,0.0072294319155411183,1,0.0072294319155411183,0.023750919969273782,0.08460618207341615,0.18826721087667056,0.32568784022388853,0.29054636929714839,0.22473070243894697,0.27178351098514891,0.23173853555738505,0.29054636929714839,0.27178351098514891,0.25218762567544,0.29054636929714839,0.16529617667111993],[0.367993311389692,0.049501276671065977,0.054807239502536013,0.03753427281233495,0,1,0.87099219668878736,0,0.21042811478322881,1,1,0.27812910984475858,1,1,0.0072294319155411183,1,1,0.068393360620739807,1,1,1,0.16529617667111993,1,1,1,1,1,1,0.43942422276410337],[0.32568784022388853,0.016392641167004989,0,0.10097928530584227,0,1,0.90833807169528191,0.087874376711873176,0.29054636929714839,1,1,0.6576605631976371,1,1,0.023750919969273782,1,1,0.068393360620739807,1,1,1,0.32568784022388853,1,1,1,1,1,1,0.43942422276410337],[0.32568784022388853,0.12276874354363791,0,0,0,0.068393360620739807,0.087874376711873176,0,0,0.023750919969273782,0.58348764142472931,0.082275448418156774,0.11734011782473977,0.16529617667111993,0.08460618207341615,0.068393360620739807,0.068393360620739807,1,0.6416731110615701,0.55468612964981845,0.59656183305962562,0.58348764142472931,0.5695571072448129,0.59656183305962562,0.63135375081592382,0.55468612964981845,0.58348764142472931,0.60885440507873478,0.56075318675449481],[0.46970564488467387,0.049501276671065977,0,0.10097928530584227,0,1,0.32568784022388853,0.016392641167004989,0.068393360620739807,1,1,0.27812910984475858,1,1,0.18826721087667056,1,1,0.6416731110615701,1,1,1,0.90560488392429139,1,1,1,1,1,1,0.86551495514281218],[0.27812910984475858,0.16529617667111993,0,0.03753427281233495,0,1,0.52173098990921374,0,0.023750919969273782,1,1,0.43942422276410337,1,1,0.32568784022388853,1,1,0.55468612964981845,1,1,1,0.94592477446664147,1,1,1,1,1,1,0.95095349168693977],[0.46970564488467387,0.12709828237865858,0.0091647995840171727,0.10097928530584227,0.016392641167004989,1,0.43942422276410337,0,0.068393360620739807,1,1,0.367993311389692,1,1,0.29054636929714839,1,1,0.59656183305962562,1,1,1,0.94592477446664147,1,1,1,1,1,1,0.94498467729659308],[0.3578733656260219,0.10097928530584227,0,0,0,0.32568784022388853,0.32568784022388853,0,0.016392641167004989,0,0.94683328843174164,0.25218762567544,0.63135375081592382,0.43942422276410337,0.22473070243894697,0.16529617667111993,0.32568784022388853,0.58348764142472931,0.90560488392429139,0.94592477446664147,0.94592477446664147,1,0.95170208119026189,0.94771178421162194,0.95448110306179013,0.94856172512354742,0.94938448091023209,0.95381676287276362,0.9011853814064501],[0.27812910984475858,0.049501276671065977,0,0.03753427281233495,0,1,0.43942422276410337,0,0,0,1,0.32568784022388853,1,0,0.27178351098514891,1,1,0.5695571072448129,1,1,1,0.95170208119026189,1,1,1,1,1,1,0.94300290984055279],[0.367993311389692,0.087874376711873176,0,0.03753427281233495,0,1,0.43942422276410337,0,0,0,1,0.22473070243894697,1,1,0.23173853555738505,1,1,0.59656183305962562,1,1,1,0.94771178421162194,1,1,1,1,1,1,0.94938448091023209],[0.367993311389692,0.12709828237865858,0,0.03753427281233495,0,1,0.43942422276410337,0,0,1,1,0.43942422276410337,1,1,0.29054636929714839,1,1,0.63135375081592382,1,1,1,0.95448110306179013,1,1,1,1,1,1,0.9563642033196601],[0.27812910984475858,0.087874376711873176,0,0,0,1,0.52173098990921374,0,0,0,1,0.27812910984475858,1,1,0.27178351098514891,1,1,0.55468612964981845,1,1,1,0.94856172512354742,1,1,1,1,1,1,0.94771178421162194],[0.27812910984475858,0.049501276671065977,0.0091647995840171727,0.03753427281233495,0,1,0.43942422276410337,0.016392641167004989,0,0,1,0.367993311389692,1,1,0.25218762567544,1,1,0.58348764142472931,1,1,1,0.94938448091023209,1,1,1,1,1,1,0.95170208119026189],[0.40570061213457737,0.16529617667111993,0,0.03753427281233495,0,1,0.52173098990921374,0,0.023750919969273782,1,1,0.40570061213457737,1,1,0.29054636929714839,1,1,0.60885440507873478,1,1,1,0.95381676287276362,1,1,1,1,1,1,0.9563642033196601],[0.25218762567544,0.16529617667111993,0,0.023750919969273782,0,0.32568784022388853,0.38738178682260033,0,0.049501276671065977,0.32568784022388853,0.94592477446664147,0.16529617667111993,0.52173098990921374,0.52173098990921374,0.16529617667111993,0.43942422276410337,0.43942422276410337,0.56075318675449481,0.86551495514281218,0.95095349168693977,0.94498467729659308,0.9011853814064501,0.94300290984055279,0.94938448091023209,0.9563642033196601,0.94771178421162194,0.95170208119026189,0.9563642033196601,1]]}