{"matrix_with_context":[[1,0.031832942175295559,0.031832942175295559,0,0.023750919969273782,0.027346467968911305,0,0.027346467968911305,0.0048296546113252709,0.0048296546113252709,0.0040555704522478525,0.0040555704522478525,0.013938903334611591,0.0048296546113252709,0.0022777924281824243],[0.031832942175295559,1,1,0.76646943453263383,0.87099219668878736,0.94498467729659308,0.76646943453263383,0.94498467729659308,1,1,0.16529617667111993,0.58348764142472931,0.58348764142472931,1,0],[0.031832942175295559,1,1,0.76646943453263383,0.86831043418409337,0.9440113212095137,0.76646943453263383,0.9440113212095137,1,1,0.16529617667111993,0.58348764142472931,0.58348764142472931,1,0],[0,0.76646943453263383,0.76646943453263383,1,0.503418149216112,0.69082370811937455,0.71395404202537516,0.69082370811937455,0.32568784022388853,0.25218762567544,0.22473070243894697,0.10097928530584227,0.10097928530584227,0.32568784022388853,0.21660451007200782],[0.023750919969273782,0.87099219668878736,0.86831043418409337,0.503418149216112,1,0.80869414296759312,0.503418149216112,0.80869414296759312,0,0,0,0.22473070243894697,0.22473070243894697,0,0],[0.027346467968911305,0.94498467729659308,0.9440113212095137,0.69082370811937455,0.80869414296759312,1,0.69082370811937455,0.89800189622854043,0.16529617667111993,0.16529617667111993,0.068393360620739807,0.43942422276410337,0.43942422276410337,0.16529617667111993,0],[0,0.76646943453263383,0.76646943453263383,0.71395404202537516,0.503418149216112,0.69082370811937455,1,0.69082370811937455,0.32568784022388853,0.25218762567544,0.22473070243894697,0.10097928530584227,0.10097928530584227,0.32568784022388853,0.19148399940098593],[0.027346467968911305,0.94498467729659308,0.9440113212095137,0.69082370811937455,0.80869414296759312,0.89800189622854043,0.69082370811937455,1,0.16529617667111993,0.16529617667111993,0.068393360620739807,0.43942422276410337,0.43942422276410337,0.16529617667111993,0],[0.0048296546113252709,1,1,0.32568784022388853,0,0.16529617667111993,0.32568784022388853,0.16529617667111993,1,1,0.94498467729659308,0.89633202970679726,0.89282284594887551,1,0.59401179062217657],[0.0048296546113252709,1,1,0.25218762567544,0,0.16529617667111993,0.25218762567544,0.16529617667111993,1,1,0.91335582996733766,0.91335582996733766,0.91993097384579448,1,0.45797472464962458],[0.0040555704522478525,0.16529617667111993,0.16529617667111993,0.22473070243894697,0,0.068393360620739807,0.22473070243894697,0.068393360620739807,0.94498467729659308,0.91335582996733766,1,0.81429444204748158,0.80869414296759312,0.9440113212095137,0.533229525239399],[0.0040555704522478525,0.58348764142472931,0.58348764142472931,0.10097928530584227,0.22473070243894697,0.43942422276410337,0.10097928530584227,0.43942422276410337,0.89633202970679726,0.91335582996733766,0.81429444204748158,1,0.85955267948711633,0.89633202970679726,0.302605583653328],[0.013938903334611591,0.58348764142472931,0.58348764142472931,0.10097928530584227,0.22473070243894697,0.43942422276410337,0.10097928530584227,0.43942422276410337,0.89282284594887551,0.91993097384579448,0.80869414296759312,0.85955267948711633,1,0.89633202970679726,0.32568784022388853],[0.0048296546113252709,1,1,0.32568784022388853,0,0.16529617667111993,0.32568784022388853,0.16529617667111993,1,1,0.9440113212095137,0.89633202970679726,0.89633202970679726,1,0.58348764142472931],[0.0022777924281824243,0,0,0.21660451007200782,0,0,0.19148399940098593,0,0.59401179062217657,0.45797472464962458,0.533229525239399,0.302605583653328,0.32568784022388853,0.58348764142472931,1]],"matrix_without_context":[[1,0.0072294319155411183,0.0072294319155411183,0,0.03753427281233495,0.023750919969273782,0.0029768564767243791,0,0,0.023750919969273782,0,0.059701327867116627,0.016392641167004989,0,0.0091647995840171727],[0.0072294319155411183,1,0.81957697688458475,0,0.74794679924355634,0.81957697688458475,0.0091647995840171727,0.72625338056190414,0.27812910984475858,0.16529617667111993,0.4837036383374641,0.087874376711873176,0.11734011782473977,0.367993311389692,0.32568784022388853],[0.0072294319155411183,0.81957697688458475,1,0,0.782466108322267,0.802746616928881,0,0.71395404202537516,0.22473070243894697,0.068393360620739807,0.32568784022388853,0.12709828237865858,0.11734011782473977,0.32568784022388853,0.16529617667111993],[0,0,0,1,0.068393360620739807,0,0.367993311389692,0.16529617667111993,0.25218762567544,0.43942422276410337,0.43942422276410337,0.023750919969273782,0.03753427281233495,0.32568784022388853,1],[0.03753427281233495,0.74794679924355634,0.782466108322267,0.068393360620739807,1,0.73388534398155536,0,0.6576605631976371,0.21042811478322881,0.10097928530584227,0.27812910984475858,0.13356650750221294,0.087874376711873176,0.25218762567544,0.16529617667111993],[0.023750919969273782,0.81957697688458475,0.802746616928881,0,0.73388534398155536,1,0.029461036605717937,0.78967270465186667,0.03753427281233495,0,0.16529617667111993,0.12709828237865858,0.068393360620739807,0.03753427281233495,0],[0.0029768564767243791,0.0091647995840171727,0,0.367993311389692,0,0.029461036605717937,1,0.029461036605717937,0.0072294319155411183,0.054807239502536013,0.0091647995840171727,0,0,0.023750919969273782,0.34745605695383575],[0,0.72625338056190414,0.71395404202537516,0.16529617667111993,0.6576605631976371,0.78967270465186667,0.029461036605717937,1,0.03753427281233495,0.068393360620739807,0.25218762567544,0.049501276671065977,0.023750919969273782,0.03753427281233495,0.32568784022388853],[0,0.27812910984475858,0.22473070243894697,0.25218762567544,0.21042811478322881,0.03753427281233495,0.0072294319155411183,0.03753427281233495,1,0.43942422276410337,0.72625338056190414,0,0.087874376711873176,0.65143769059785506,0.58348764142472931],[0.023750919969273782,0.16529617667111993,0.068393360620739807,0.43942422276410337,0.10097928530584227,0,0.054807239502536013,0.068393360620739807,0.43942422276410337,1,0.52173098990921374,0.35165932462127825,0.62043190647442548,0.49700969553598839,0.63135375081592382],[0,0.4837036383374641,0.32568784022388853,0.43942422276410337,0.27812910984475858,0.16529617667111993,0.0091647995840171727,0.25218762567544,0.72625338056190414,0.52173098990921374,1,0,0.068393360620739807,0.73388534398155536,0.76646943453263383],[0.059701327867116627,0.087874376711873176,0.12709828237865858,0.023750919969273782,0.13356650750221294,0.12709828237865858,0,0.049501276671065977,0,0.35165932462127825,0,1,0.37920794444445788,0.011999098976908526,0],[0.016392641167004989,0.11734011782473977,0.11734011782473977,0.03753427281233495,0.087874376711873176,0.068393360620739807,0,0.023750919969273782,0.087874376711873176,0.62043190647442548,0.068393360620739807,0.37920794444445788,1,0.12709828237865858,0.03753427281233495],[0,0.367993311389692,0.32568784022388853,0.32568784022388853,0.25218762567544,0.03753427281233495,0.023750919969273782,0.03753427281233495,0.65143769059785506,0.49700969553598839,0.73388534398155536,0.011999098976908526,0.12709828237865858,1,0.65143769059785506],[0.0091647995840171727,0.32568784022388853,0.16529617667111993,1,0.16529617667111993,0,0.34745605695383575,0.32568784022388853,0.58348764142472931,0.63135375081592382,0.76646943453263383,0,0.03753427281233495,0.65143769059785506,1]]}