{"matrix_with_context":[[1,0.6576605631976371,0.016392641167004989,0.16529617667111993,0.32568784022388853,0,0.03753427281233495,0.16529617667111993,0.068393360620739807,0.068393360620739807,0,0,0,0,0,0,0],[0.6576605631976371,1,0.011999098976908526,0.03753427281233495,0.068393360620739807,0,0,0,0,0,0,0,0,0,0,0,0],[0.016392641167004989,0.011999098976908526,1,0.62266694173349346,0.67781107701750676,0.6416731110615701,0.011999098976908526,0.023750919969273782,0.59401179062217657,0.45797472464962458,0.6416731110615701,0.6416731110615701,0.47327274495264549,0.53877983779138638,0.55468612964981845,0.60885440507873478,0.55468612964981845],[0.16529617667111993,0.03753427281233495,0.62266694173349346,1,0.9563642033196601,0.94300290984055279,0.03753427281233495,0.16529617667111993,0.88504069074476588,0.8337666549946805,0.9373622021676894,0.9373622021676894,0.74388600174489083,0.90560488392429139,0.90833807169528191,0.91993097384579448,0.90560488392429139],[0.32568784022388853,0.068393360620739807,0.67781107701750676,0.9563642033196601,1,1,0.068393360620739807,1,0.94195751511670334,0.91566428005117884,1,1,0.782466108322267,1,1,1,1],[0,0,0.6416731110615701,0.94300290984055279,1,1,0.068393360620739807,1,0.94195751511670334,0.90560488392429139,1,1,0.76646943453263383,1,1,1,1],[0.03753427281233495,0,0.011999098976908526,0.03753427281233495,0.068393360620739807,0.068393360620739807,1,0.76646943453263383,0.03753427281233495,0,0,0,0.011999098976908526,0,0,0,0],[0.16529617667111993,0,0.023750919969273782,0.16529617667111993,1,1,0.76646943453263383,1,0.16529617667111993,0,0,0,0.023750919969273782,0,0,0,0],[0.068393360620739807,0,0.59401179062217657,0.88504069074476588,0.94195751511670334,0.94195751511670334,0.03753427281233495,0.16529617667111993,1,0.84954912628525936,0.94592477446664147,0.94592477446664147,0.73536126874438745,0.92190648315005508,0.93048278580024735,0.93340820557187709,0.92728861586556688],[0.068393360620739807,0,0.45797472464962458,0.8337666549946805,0.91566428005117884,0.90560488392429139,0,0,0.84954912628525936,1,0.94771178421162194,0.94771178421162194,0.63135375081592382,0.95512660373950886,0.95018133510065639,0.9440113212095137,0.93609741512283307],[0,0,0.6416731110615701,0.9373622021676894,1,1,0,0,0.94592477446664147,0.94771178421162194,1,1,0.802746616928881,1,1,1,1],[0,0,0.6416731110615701,0.9373622021676894,1,1,0,0,0.94592477446664147,0.94771178421162194,1,1,0.802746616928881,1,1,1,1],[0,0,0.47327274495264549,0.74388600174489083,0.782466108322267,0.76646943453263383,0.011999098976908526,0.023750919969273782,0.73536126874438745,0.63135375081592382,0.802746616928881,0.802746616928881,1,0.69330224607801139,0.71395404202537516,0.75284616416639061,0.71395404202537516],[0,0,0.53877983779138638,0.90560488392429139,1,1,0,0,0.92190648315005508,0.95512660373950886,1,1,0.69330224607801139,1,1,1,1],[0,0,0.55468612964981845,0.90833807169528191,1,1,0,0,0.93048278580024735,0.95018133510065639,1,1,0.71395404202537516,1,1,1,1],[0,0,0.60885440507873478,0.91993097384579448,1,1,0,0,0.93340820557187709,0.9440113212095137,1,1,0.75284616416639061,1,1,1,1],[0,0,0.55468612964981845,0.90560488392429139,1,1,0,0,0.92728861586556688,0.93609741512283307,1,1,0.71395404202537516,1,1,1,1]],"matrix_without_context":[[1,0.60885440507873478,0.03753427281233495,0.03753427281233495,0.10097928530584227,0.03753427281233495,0.62043190647442548,0.64498740176247749,0,0.068393360620739807,0.023750919969273782,0.068393360620739807,0.0048296546113252709,0.068393360620739807,0.068393360620739807,0.068393360620739807,0.068393360620739807],[0.60885440507873478,1,0.0058489631431305625,0,0,0,0.43942422276410337,0.43942422276410337,0,0,0,0,0,0,0,0,0],[0.03753427281233495,0.0058489631431305625,1,0.044938057663749864,0.068393360620739807,0.044938057663749864,0.03753427281233495,0.0927848763623698,0.049501276671065977,0.054807239502536013,0.03753427281233495,0.03753427281233495,0.026374132517769374,0.054807239502536013,0.054807239502536013,0.054807239502536013,0.054807239502536013],[0.03753427281233495,0,0.044938057663749864,1,0.81957697688458475,0.782466108322267,0,0.068393360620739807,0.023750919969273782,0.63135375081592382,0.27812910984475858,0.27812910984475858,0.10097928530584227,0.58348764142472931,0.63135375081592382,0.58348764142472931,0.52173098990921374],[0.10097928530584227,0,0.068393360620739807,0.81957697688458475,1,0.82456797807736715,0.03753427281233495,0.16529617667111993,0.068393360620739807,0.72625338056190414,0.43942422276410337,0.43942422276410337,0.14426559739093756,0.700507010760774,0.74794679924355634,0.700507010760774,0.66946987211284359],[0.03753427281233495,0,0.044938057663749864,0.782466108322267,0.82456797807736715,1,0,0,0.068393360620739807,0.79641865773734644,0.49700969553598839,0.52173098990921374,0.14426559739093756,0.76646943453263383,0.79641865773734644,0.782466108322267,0.76646943453263383],[0.62043190647442548,0.43942422276410337,0.03753427281233495,0,0.03753427281233495,0,1,0.72625338056190414,0.016392641167004989,0,0,0.023750919969273782,0,0,0,0,0],[0.64498740176247749,0.43942422276410337,0.0927848763623698,0.068393360620739807,0.16529617667111993,0,0.72625338056190414,1,0,0,0,0.03753427281233495,0.0058489631431305625,0,0,0,0],[0,0,0.049501276671065977,0.023750919969273782,0.068393360620739807,0.068393360620739807,0.016392641167004989,0,1,0.10097928530584227,0.049501276671065977,0.049501276671065977,0.013938903334611591,0.10097928530584227,0.10097928530584227,0.10097928530584227,0.10097928530584227],[0.068393360620739807,0,0.054807239502536013,0.63135375081592382,0.72625338056190414,0.79641865773734644,0,0,0.10097928530584227,1,0.737544897130348,0.71395404202537516,0.18826721087667056,1,1,1,1],[0.023750919969273782,0,0.03753427281233495,0.27812910984475858,0.43942422276410337,0.49700969553598839,0,0,0.049501276671065977,0.737544897130348,1,0.77867513510102671,0.25218762567544,0.72625338056190414,0.782466108322267,0.88291547371230727,0.88071027878047436],[0.068393360620739807,0,0.03753427281233495,0.27812910984475858,0.43942422276410337,0.52173098990921374,0.023750919969273782,0.03753427281233495,0.049501276671065977,0.71395404202537516,0.77867513510102671,1,0.23589722086215964,0.71395404202537516,0.77475024407828419,0.88504069074476588,0.88709019935752786],[0.0048296546113252709,0,0.026374132517769374,0.10097928530584227,0.14426559739093756,0.14426559739093756,0,0.0058489631431305625,0.013938903334611591,0.18826721087667056,0.25218762567544,0.23589722086215964,1,0.18826721087667056,0.18826721087667056,0.29054636929714839,0.29054636929714839],[0.068393360620739807,0,0.054807239502536013,0.58348764142472931,0.700507010760774,0.76646943453263383,0,0,0.10097928530584227,1,0.72625338056190414,0.71395404202537516,0.18826721087667056,1,1,1,1],[0.068393360620739807,0,0.054807239502536013,0.63135375081592382,0.74794679924355634,0.79641865773734644,0,0,0.10097928530584227,1,0.782466108322267,0.77475024407828419,0.18826721087667056,1,1,1,1],[0.068393360620739807,0,0.054807239502536013,0.58348764142472931,0.700507010760774,0.782466108322267,0,0,0.10097928530584227,1,0.88291547371230727,0.88504069074476588,0.29054636929714839,1,1,1,1],[0.068393360620739807,0,0.054807239502536013,0.52173098990921374,0.66946987211284359,0.76646943453263383,0,0,0.10097928530584227,1,0.88071027878047436,0.88709019935752786,0.29054636929714839,1,1,1,1]]}