{"matrix_with_context":[[1,0.016392641167004989,0,0,0,0.054807239502536013,0.0091647995840171727,0.029461036605717937,0.0072294319155411183,0.0091647995840171727,0,0.0072294319155411183,0,0],[0.016392641167004989,1,0.0048296546113252709,0.0058489631431305625,0,0,0,0,0,0,0,0,0,0],[0,0.0048296546113252709,1,0.90270379534291678,0.25218762567544,0.52173098990921374,0.52173098990921374,0.52173098990921374,0.43942422276410337,0.58348764142472931,0.4837036383374641,0.40570061213457737,0.52173098990921374,0.66946987211284359],[0,0.0058489631431305625,0.90270379534291678,1,0.32568784022388853,0.700507010760774,0.700507010760774,0.700507010760774,0.55468612964981845,0.76646943453263383,0.60074275976456537,0.52173098990921374,0.72625338056190414,1],[0,0,0.25218762567544,0.32568784022388853,1,0.66069038817449055,0.52173098990921374,0.53877983779138638,0.49176719594574542,0.4837036383374641,0.16529617667111993,0.43942422276410337,0.53877983779138638,0.5442033162640002],[0.054807239502536013,0,0.52173098990921374,0.700507010760774,0.66069038817449055,1,0.83801418019047558,0.85636909672498807,0.77738206260364073,0.82929087416122771,0.38738178682260033,0.75443744939597512,0.83801418019047558,0.88906797073604538],[0.0091647995840171727,0,0.52173098990921374,0.700507010760774,0.52173098990921374,0.83801418019047558,1,0.8337666549946805,0.83520698322546949,0.85636909672498807,0.46243130793865689,0.8261709826888769,0.84589079041384407,0.92557890878718818],[0.029461036605717937,0,0.52173098990921374,0.700507010760774,0.53877983779138638,0.85636909672498807,0.8337666549946805,1,0.79197031841522392,0.84589079041384407,0.38738178682260033,0.75443744939597512,0.85636909672498807,0.88906797073604538],[0.0072294319155411183,0,0.43942422276410337,0.55468612964981845,0.49176719594574542,0.77738206260364073,0.83520698322546949,0.79197031841522392,1,0.83520698322546949,0.475391062573035,0.7620975293440504,0.80869414296759312,0.84954912628525936],[0.0091647995840171727,0,0.58348764142472931,0.76646943453263383,0.4837036383374641,0.82929087416122771,0.85636909672498807,0.84589079041384407,0.83520698322546949,1,0.63135375081592382,0.782466108322267,0.86259838045151771,0.90270379534291678],[0,0,0.4837036383374641,0.60074275976456537,0.16529617667111993,0.38738178682260033,0.46243130793865689,0.38738178682260033,0.475391062573035,0.63135375081592382,1,0.37588203934864839,0.4837036383374641,0.52173098990921374],[0.0072294319155411183,0,0.40570061213457737,0.52173098990921374,0.43942422276410337,0.75443744939597512,0.8261709826888769,0.75443744939597512,0.7620975293440504,0.782466108322267,0.37588203934864839,1,0.77205572242034937,0.86831043418409337],[0,0,0.52173098990921374,0.72625338056190414,0.53877983779138638,0.83801418019047558,0.84589079041384407,0.85636909672498807,0.80869414296759312,0.86259838045151771,0.4837036383374641,0.77205572242034937,1,0.90270379534291678],[0,0,0.66946987211284359,1,0.5442033162640002,0.88906797073604538,0.92557890878718818,0.88906797073604538,0.84954912628525936,0.90270379534291678,0.52173098990921374,0.86831043418409337,0.90270379534291678,1]],"matrix_without_context":[[1,0.03753427281233495,0.03753427281233495,0.03753427281233495,0,0.10097928530584227,0,0,0,0,0,0,0,0],[0.03753427281233495,1,0.095019041149513025,0.077204123756325377,0,0.0040555704522478525,0,0,0,0,0,0,0,0],[0.03753427281233495,0.095019041149513025,1,0.78967270465186667,0.03753427281233495,0,0,0,0,0.068393360620739807,0,0,0,0.16529617667111993],[0.03753427281233495,0.077204123756325377,0.78967270465186667,1,0.10097928530584227,0.068393360620739807,0,0,0,0.068393360620739807,0,0,0,0],[0,0,0.03753427281233495,0.10097928530584227,1,0.66946987211284359,0.16529617667111993,0.27812910984475858,0.16529617667111993,0.10097928530584227,0.03753427281233495,0.10097928530584227,0.023750919969273782,0.16529617667111993],[0.10097928530584227,0.0040555704522478525,0,0.068393360620739807,0.66946987211284359,1,0.25218762567544,0.32568784022388853,0.16529617667111993,0.068393360620739807,0,0.16529617667111993,0.03753427281233495,0.32568784022388853],[0,0,0,0,0.16529617667111993,0.25218762567544,1,0.52173098990921374,0.43942422276410337,0.068393360620739807,0.068393360620739807,0.66946987211284359,0.22473070243894697,0.82929087416122771],[0,0,0,0,0.27812910984475858,0.32568784022388853,0.52173098990921374,1,0.70960684217289294,0.75755963235550883,0.55468612964981845,0.25218762567544,0.69082370811937455,0.43942422276410337],[0,0,0,0,0.16529617667111993,0.16529617667111993,0.43942422276410337,0.70960684217289294,1,0.73388534398155536,0.52173098990921374,0.16529617667111993,0.67781107701750676,0.32568784022388853],[0,0,0.068393360620739807,0.068393360620739807,0.10097928530584227,0.068393360620739807,0.068393360620739807,0.75755963235550883,0.73388534398155536,1,0.700507010760774,0,0.718173939325141,0],[0,0,0,0,0.03753427281233495,0,0.068393360620739807,0.55468612964981845,0.52173098990921374,0.700507010760774,1,0,0.46970564488467387,0],[0,0,0,0,0.10097928530584227,0.16529617667111993,0.66946987211284359,0.25218762567544,0.16529617667111993,0,0,1,0.03753427281233495,0.88504069074476588],[0,0,0,0,0.023750919969273782,0.03753427281233495,0.22473070243894697,0.69082370811937455,0.67781107701750676,0.718173939325141,0.46970564488467387,0.03753427281233495,1,0.068393360620739807],[0,0,0.16529617667111993,0,0.16529617667111993,0.32568784022388853,0.82929087416122771,0.43942422276410337,0.32568784022388853,0,0,0.88504069074476588,0.068393360620739807,1]]}