{"matrix_with_context":[[1,0.5442033162640002,0.53546514194050066,0.011999098976908526,0.068393360620739807,0.023750919969273782,0.16529617667111993,0.03753427281233495,0.023750919969273782,0.019560431003895665,0.03753427281233495,0.023750919969273782,0.068393360620739807,0.068393360620739807,0.068393360620739807,0.023750919969273782],[0.5442033162640002,1,0.53877983779138638,0.016392641167004989,0.03753427281233495,0.43942422276410337,0.16529617667111993,0.068393360620739807,0.22473070243894697,0.044938057663749864,0.068393360620739807,0.03753427281233495,0.16529617667111993,0.16529617667111993,0.16529617667111993,0.03753427281233495],[0.53546514194050066,0.53877983779138638,1,0.0091647995840171727,0.087874376711873176,0.12709828237865858,0.22473070243894697,0.068393360620739807,0.12709828237865858,0.068393360620739807,0.068393360620739807,0.049501276671065977,0.10097928530584227,0.10097928530584227,0.03753427281233495,0.016392641167004989],[0.011999098976908526,0.016392641167004989,0.0091647995840171727,1,0.63135375081592382,0.45496440993935694,0.72023786948305613,0.63965507486536766,0.34745605695383575,0.27352327522935388,0.69477055413362632,0.718173939325141,0.700507010760774,0.79641865773734644,0.782466108322267,0.57430075183599],[0.068393360620739807,0.03753427281233495,0.087874376711873176,0.63135375081592382,1,0.53877983779138638,0.894606618266328,0.75443744939597512,0.4837036383374641,0.310450739056144,0.77738206260364073,0.68574563429279045,0.782466108322267,0.84205044201905843,0.81957697688458475,0.5695571072448129],[0.023750919969273782,0.43942422276410337,0.12709828237865858,0.45496440993935694,0.53877983779138638,1,0.71395404202537516,0.49700969553598839,0.53877983779138638,0.27812910984475858,0.60074275976456537,0.503418149216112,0.58348764142472931,0.700507010760774,0.66946987211284359,0.38738178682260033],[0.16529617667111993,0.16529617667111993,0.22473070243894697,0.72023786948305613,0.894606618266328,0.71395404202537516,1,0.89961885562938126,0.68574563429279045,0.39535921643086053,0.91335582996733766,0.81957697688458475,1,1,1,0.72625338056190414],[0.03753427281233495,0.068393360620739807,0.068393360620739807,0.63965507486536766,0.75443744939597512,0.49700969553598839,0.89961885562938126,1,0.64498740176247749,0.21042811478322881,0.86831043418409337,0.77205572242034937,0.91993097384579448,0.9237868937967405,0.90270379534291678,0.58348764142472931],[0.023750919969273782,0.22473070243894697,0.12709828237865858,0.34745605695383575,0.4837036383374641,0.53877983779138638,0.68574563429279045,0.64498740176247749,1,0.12276874354363791,0.52173098990921374,0.4144824997410867,0.68574563429279045,0.65143769059785506,0.58348764142472931,0.25218762567544],[0.019560431003895665,0.044938057663749864,0.068393360620739807,0.27352327522935388,0.310450739056144,0.27812910984475858,0.39535921643086053,0.21042811478322881,0.12276874354363791,1,0.34213265752257516,0.29460544256708671,0.21660451007200782,0.37920794444445788,0.344423617934296,0.20557609966576662],[0.03753427281233495,0.068393360620739807,0.068393360620739807,0.69477055413362632,0.77738206260364073,0.60074275976456537,0.91335582996733766,0.86831043418409337,0.52173098990921374,0.34213265752257516,1,0.81957697688458475,0.91993097384579448,0.93974732960849294,0.9237868937967405,0.68049963816715942],[0.023750919969273782,0.03753427281233495,0.049501276671065977,0.718173939325141,0.68574563429279045,0.503418149216112,0.81957697688458475,0.77205572242034937,0.4144824997410867,0.29460544256708671,0.81957697688458475,1,0.84589079041384407,0.90560488392429139,0.89633202970679726,0.67781107701750676],[0.068393360620739807,0.16529617667111993,0.10097928530584227,0.700507010760774,0.782466108322267,0.58348764142472931,1,0.91993097384579448,0.68574563429279045,0.21660451007200782,0.91993097384579448,0.84589079041384407,1,1,1,0.700507010760774],[0.068393360620739807,0.16529617667111993,0.10097928530584227,0.79641865773734644,0.84205044201905843,0.700507010760774,1,0.9237868937967405,0.65143769059785506,0.37920794444445788,0.93974732960849294,0.90560488392429139,1,1,1,0.82929087416122771],[0.068393360620739807,0.16529617667111993,0.03753427281233495,0.782466108322267,0.81957697688458475,0.66946987211284359,1,0.90270379534291678,0.58348764142472931,0.344423617934296,0.9237868937967405,0.89633202970679726,1,1,1,0.84589079041384407],[0.023750919969273782,0.03753427281233495,0.016392641167004989,0.57430075183599,0.5695571072448129,0.38738178682260033,0.72625338056190414,0.58348764142472931,0.25218762567544,0.20557609966576662,0.68049963816715942,0.67781107701750676,0.700507010760774,0.82929087416122771,0.84589079041384407,1]],"matrix_without_context":[[1,0.10097928530584227,0.11734011782473977,0.023750919969273782,0.29054636929714839,0.03753427281233495,0.29054636929714839,0.11734011782473977,0.044938057663749864,0,0.068393360620739807,0,0,0,0,0],[0.10097928530584227,1,0.81957697688458475,0.43942422276410337,0.16529617667111993,1,0.16529617667111993,0.16529617667111993,0.37588203934864839,0,0.32568784022388853,0,0.016392641167004989,0,0,0],[0.11734011782473977,0.81957697688458475,1,0,0,0.74794679924355634,0,0.068393360620739807,0.4837036383374641,0,0,0,0,0,0,0],[0.023750919969273782,0.43942422276410337,0,1,0.43942422276410337,0.43942422276410337,0.38738178682260033,0.700507010760774,0.011999098976908526,0.044938057663749864,0.68574563429279045,0.87604121144607516,0.1957469410690782,0.63135375081592382,0.71395404202537516,0.66946987211284359],[0.29054636929714839,0.16529617667111993,0,0.43942422276410337,1,0,0.82929087416122771,0.43942422276410337,0.011999098976908526,0.044938057663749864,0.68574563429279045,0.32568784022388853,0.068393360620739807,0.068393360620739807,0.16529617667111993,0.068393360620739807],[0.03753427281233495,1,0.74794679924355634,0.43942422276410337,0,1,0,0.16529617667111993,0.37588203934864839,0.0091647995840171727,0,0,0,0,0,0],[0.29054636929714839,0.16529617667111993,0,0.38738178682260033,0.82929087416122771,0,1,0.38738178682260033,0.011999098976908526,0.068393360620739807,0.65143769059785506,0,0.011999098976908526,0.068393360620739807,0,0],[0.11734011782473977,0.16529617667111993,0.068393360620739807,0.700507010760774,0.43942422276410337,0.16529617667111993,0.38738178682260033,1,0.011999098976908526,0,0.72625338056190414,0.700507010760774,0.1957469410690782,0.38738178682260033,0.43942422276410337,0.43942422276410337],[0.044938057663749864,0.37588203934864839,0.4837036383374641,0.011999098976908526,0.011999098976908526,0.37588203934864839,0.011999098976908526,0.011999098976908526,1,0,0.011999098976908526,0,0,0,0,0],[0,0,0,0.044938057663749864,0.044938057663749864,0.0091647995840171727,0.068393360620739807,0,0,1,0.0072294319155411183,0.0091647995840171727,0,0.0048296546113252709,0.044938057663749864,0.068393360620739807],[0.068393360620739807,0.32568784022388853,0,0.68574563429279045,0.68574563429279045,0,0.65143769059785506,0.72625338056190414,0.011999098976908526,0.0072294319155411183,1,0.74794679924355634,0.16529617667111993,0.43942422276410337,0.55468612964981845,0.52173098990921374],[0,0,0,0.87604121144607516,0.32568784022388853,0,0,0.700507010760774,0,0.0091647995840171727,0.74794679924355634,1,0.475391062573035,0.81957697688458475,0.91566428005117884,0.89961885562938126],[0,0.016392641167004989,0,0.1957469410690782,0.068393360620739807,0,0.011999098976908526,0.1957469410690782,0,0,0.16529617667111993,0.475391062573035,1,0.34213265752257516,0.302605583653328,0.32568784022388853],[0,0,0,0.63135375081592382,0.068393360620739807,0,0.068393360620739807,0.38738178682260033,0,0.0048296546113252709,0.43942422276410337,0.81957697688458475,0.34213265752257516,1,0.73201727248460757,0.70738370698597275],[0,0,0,0.71395404202537516,0.16529617667111993,0,0,0.43942422276410337,0,0.044938057663749864,0.55468612964981845,0.91566428005117884,0.302605583653328,0.73201727248460757,1,0.85303806821857564],[0,0,0,0.66946987211284359,0.068393360620739807,0,0,0.43942422276410337,0,0.068393360620739807,0.52173098990921374,0.89961885562938126,0.32568784022388853,0.70738370698597275,0.85303806821857564,1]]}