{"matrix_with_context":[[1,0.14160118649403922,0.14160118649403922,0.068393360620739807,0.03753427281233495,0.049501276671065977,0.087874376711873176,0.049501276671065977,0,0,0,0,0,0,0,0,0,0,0,0],[0.14160118649403922,1,0.75755963235550883,0.068393360620739807,0.03753427281233495,0.068393360620739807,0.068393360620739807,0.068393360620739807,0,0.66946987211284359,0.58348764142472931,0.11734011782473977,0,0,0,0,0,0,0,0],[0.14160118649403922,0.75755963235550883,1,0.068393360620739807,0.03753427281233495,0.068393360620739807,0.068393360620739807,0.068393360620739807,0,0.52173098990921374,0.43942422276410337,0.068393360620739807,0,0,0,0,0,0,0,0],[0.068393360620739807,0.068393360620739807,0.068393360620739807,1,0.43942422276410337,0.55468612964981845,0.56470905735878529,0.57430075183599,0,0,0,0,0,0,0,0,0,0,0,0],[0.03753427281233495,0.03753427281233495,0.03753427281233495,0.43942422276410337,1,0.40121700979513736,0.40121700979513736,0.46243130793865689,0,0,0,0,0,0,0,0,0,0,0,0],[0.049501276671065977,0.068393360620739807,0.068393360620739807,0.55468612964981845,0.40121700979513736,1,0.533229525239399,0.57430075183599,0,0,0,0,0,0,0,0,0,0,0,0],[0.087874376711873176,0.068393360620739807,0.068393360620739807,0.56470905735878529,0.40121700979513736,0.533229525239399,1,0.57430075183599,0,0,0,0,0,0,0,0,0,0,0.011999098976908526,0],[0.049501276671065977,0.068393360620739807,0.068393360620739807,0.57430075183599,0.46243130793865689,0.57430075183599,0.57430075183599,1,0,0,0,0,0,0,0,0,0,0,0,0],[0,0,0,0,0,0,0,0,1,0.16529617667111993,0,0.068393360620739807,0.58348764142472931,0.60074275976456537,0,0,0,0,0,0],[0,0.66946987211284359,0.52173098990921374,0,0,0,0,0,0.16529617667111993,1,1,0.22473070243894697,1,1,0,0,0,0,0.22473070243894697,0],[0,0.58348764142472931,0.43942422276410337,0,0,0,0,0,0,1,1,0.16529617667111993,1,1,0,0,0,0,0.22473070243894697,0],[0,0.11734011782473977,0.068393360620739807,0,0,0,0,0,0.068393360620739807,0.22473070243894697,0.16529617667111993,1,0.367993311389692,0.40570061213457737,0.32568784022388853,0.32568784022388853,0.087874376711873176,0.32568784022388853,0.10097928530584227,0.43942422276410337],[0,0,0,0,0,0,0,0,0.58348764142472931,1,1,0.367993311389692,1,1,0,0,0,0,0.22473070243894697,0],[0,0,0,0,0,0,0,0,0.60074275976456537,1,1,0.40570061213457737,1,1,0,0,0,0,0.22473070243894697,0],[0,0,0,0,0,0,0,0,0,0,0,0.32568784022388853,0,0,1,1,0.86259838045151771,1,0.80068132633020217,1],[0,0,0,0,0,0,0,0,0,0,0,0.32568784022388853,0,0,1,1,0.86831043418409337,1,0.79641865773734644,1],[0,0,0,0,0,0,0,0,0,0,0,0.087874376711873176,0,0,0.86259838045151771,0.86831043418409337,1,0.86831043418409337,0.63135375081592382,0.85955267948711633],[0,0,0,0,0,0,0,0,0,0,0,0.32568784022388853,0,0,1,1,0.86831043418409337,1,0.79641865773734644,1],[0,0,0,0,0,0,0.011999098976908526,0,0,0.22473070243894697,0.22473070243894697,0.10097928530584227,0.22473070243894697,0.22473070243894697,0.80068132633020217,0.79641865773734644,0.63135375081592382,0.79641865773734644,1,0.79641865773734644],[0,0,0,0,0,0,0,0,0,0,0,0.43942422276410337,0,0,1,1,0.85955267948711633,1,0.79641865773734644,1]],"matrix_without_context":[[1,0,0.016392641167004989,0.25218762567544,0.054807239502536013,0.16529617667111993,0.32568784022388853,0.18575377356354245,0,0,0,0,0,0,0,0,0,0,0,0],[0,1,0.26348866736294896,0,0,0,0,0,0,0.8337666549946805,0.70738370698597275,0.044938057663749864,0.16529617667111993,0.38738178682260033,0,0.068393360620739807,0.03753427281233495,0,0.016392641167004989,0.03753427281233495],[0.016392641167004989,0.26348866736294896,1,0,0,0,0.0072294319155411183,0.0058489631431305625,0,0.23589722086215964,0.19148399940098593,0.013938903334611591,0,0.016392641167004989,0,0.016392641167004989,0.03753427281233495,0,0.0072294319155411183,0.011999098976908526],[0.25218762567544,0,0,1,0.16529617667111993,0.55903625853914407,0.61664838769664443,0.45279465526128071,0,0,0,0,0,0,0,0,0,0,0,0],[0.054807239502536013,0,0,0.16529617667111993,1,0.1507922311366354,0.16529617667111993,0.12110024025757821,0,0,0,0,0,0,0,0,0,0,0,0],[0.16529617667111993,0,0,0.55903625853914407,0.1507922311366354,1,0.55025156241239837,0.4144824997410867,0,0.023750919969273782,0,0,0,0,0,0,0,0,0,0],[0.32568784022388853,0,0.0072294319155411183,0.61664838769664443,0.16529617667111993,0.55025156241239837,1,0.48948811845844614,0,0.03753427281233495,0,0,0,0,0,0,0,0,0,0],[0.18575377356354245,0,0.0058489631431305625,0.45279465526128071,0.12110024025757821,0.4144824997410867,0.48948811845844614,1,0,0.023750919969273782,0,0,0,0,0,0,0,0,0,0],[0,0,0,0,0,0,0,0,1,0.0058489631431305625,0,0.0022777924281824243,0.12709828237865858,0.14426559739093756,0,0,0,0,0,0],[0,0.8337666549946805,0.23589722086215964,0,0,0.023750919969273782,0.03753427281233495,0.023750919969273782,0.0058489631431305625,1,0.83801418019047558,0.10097928530584227,0.52173098990921374,1,0,0,0,0,0,0],[0,0.70738370698597275,0.19148399940098593,0,0,0,0,0,0,0.83801418019047558,1,0.023750919969273782,0.10097928530584227,0.25218762567544,0,0,0,0,0,0],[0,0.044938057663749864,0.013938903334611591,0,0,0,0,0,0.0022777924281824243,0.10097928530584227,0.023750919969273782,1,0.19148399940098593,0.32568784022388853,0.054807239502536013,0.10097928530584227,0.16529617667111993,0.068393360620739807,0.057790890043389789,0.082275448418156774],[0,0.16529617667111993,0,0,0,0,0,0,0.12709828237865858,0.52173098990921374,0.10097928530584227,0.19148399940098593,1,0.89633202970679726,0,0,0,0,0,0],[0,0.38738178682260033,0.016392641167004989,0,0,0,0,0,0.14426559739093756,1,0.25218762567544,0.32568784022388853,0.89633202970679726,1,0.16529617667111993,1,0.43942422276410337,1,0.16529617667111993,0.43942422276410337],[0,0,0,0,0,0,0,0,0,0,0,0.054807239502536013,0,0.16529617667111993,1,0.94498467729659308,0.87604121144607516,0.95095349168693977,0.79310046718833049,0.9011853814064501],[0,0.068393360620739807,0.016392641167004989,0,0,0,0,0,0,0,0,0.10097928530584227,0,1,0.94498467729659308,1,0.93609741512283307,1,0.82929087416122771,0.94683328843174164],[0,0.03753427281233495,0.03753427281233495,0,0,0,0,0,0,0,0,0.16529617667111993,0,0.43942422276410337,0.87604121144607516,0.93609741512283307,1,0.93609741512283307,0.74285039249990992,0.88071027878047436],[0,0,0,0,0,0,0,0,0,0,0,0.068393360620739807,0,1,0.95095349168693977,1,0.93609741512283307,1,0.8407275160416865,0.95095349168693977],[0,0.016392641167004989,0.0072294319155411183,0,0,0,0,0,0,0,0,0.057790890043389789,0,0.16529617667111993,0.79310046718833049,0.82929087416122771,0.74285039249990992,0.8407275160416865,1,0.79963242902676956],[0,0.03753427281233495,0.011999098976908526,0,0,0,0,0,0,0,0,0.082275448418156774,0,0.43942422276410337,0.9011853814064501,0.94683328843174164,0.88071027878047436,0.95095349168693977,0.79963242902676956,1]]}