{"matrix_with_context":[[1,0.92728861586556688,0.79641865773734644,0.91993097384579448,0.84954912628525936,0,0.16529617667111993,0,0,0,0,0.16529617667111993,0,0,0.16529617667111993,0.068393360620739807,0.32568784022388853,0.25218762567544,0.43942422276410337,0.10097928530584227],[0.92728861586556688,1,0.86551495514281218,1,0.92557890878718818,1,0,1,0,0,0,1,0,1,1,0.16529617667111993,1,0.43942422276410337,1,0.16529617667111993],[0.79641865773734644,0.86551495514281218,1,0.86259838045151771,0.79641865773734644,0.068393360620739807,0,0.068393360620739807,0,0,0,0.068393360620739807,0,0.068393360620739807,0.16529617667111993,0.03753427281233495,0.16529617667111993,0.16529617667111993,0.16529617667111993,0.068393360620739807],[0.91993097384579448,1,0.86259838045151771,1,0.92728861586556688,1,0,1,0,0,0,1,0,1,1,0.16529617667111993,1,0.43942422276410337,1,0.16529617667111993],[0.84954912628525936,0.92557890878718818,0.79641865773734644,0.92728861586556688,1,0.32568784022388853,0,0.32568784022388853,0,0,0,0.32568784022388853,0,0.32568784022388853,0.32568784022388853,0.068393360620739807,0.43942422276410337,0.32568784022388853,0.43942422276410337,0.16529617667111993],[0,1,0.068393360620739807,1,0.32568784022388853,1,1,1,1,1,1,1,1,1,1,0.58348764142472931,1,0.89961885562938126,1,0.60885440507873478],[0.16529617667111993,0,0,0,0,1,1,1,1,1,1,1,1,1,1,0.88071027878047436,1,0.66946987211284359,1,0.38738178682260033],[0,1,0.068393360620739807,1,0.32568784022388853,1,1,1,1,1,1,1,1,1,1,0.66946987211284359,1,0.91993097384579448,1,0.72625338056190414],[0,0,0,0,0,1,1,1,1,1,1,1,1,1,1,0.88906797073604538,1,0.63135375081592382,1,0.38738178682260033],[0,0,0,0,0,1,1,1,1,1,1,1,1,1,1,0.88906797073604538,1,0.63135375081592382,1,0.38738178682260033],[0,0,0,0,0,1,1,1,1,1,1,1,1,1,1,0.88504069074476588,1,0.63135375081592382,1,0.38738178682260033],[0.16529617667111993,1,0.068393360620739807,1,0.32568784022388853,1,1,1,1,1,1,1,1,1,1,0.66946987211284359,1,0.9237868937967405,1,0.737544897130348],[0,0,0,0,0,1,1,1,1,1,1,1,1,1,1,0.88906797073604538,1,0.63135375081592382,1,0.38738178682260033],[0,1,0.068393360620739807,1,0.32568784022388853,1,1,1,1,1,1,1,1,1,1,0.58348764142472931,1,0.90560488392429139,1,0.65143769059785506],[0.16529617667111993,1,0.16529617667111993,1,0.32568784022388853,1,1,1,1,1,1,1,1,1,1,0.76646943453263383,1,0.87604121144607516,1,0.71395404202537516],[0.068393360620739807,0.16529617667111993,0.03753427281233495,0.16529617667111993,0.068393360620739807,0.58348764142472931,0.88071027878047436,0.66946987211284359,0.88906797073604538,0.88906797073604538,0.88504069074476588,0.66946987211284359,0.88906797073604538,0.58348764142472931,0.76646943453263383,1,0.86551495514281218,0.74794679924355634,0.86551495514281218,0.64498740176247749],[0.32568784022388853,1,0.16529617667111993,1,0.43942422276410337,1,1,1,1,1,1,1,1,1,1,0.86551495514281218,1,0.9237868937967405,1,0.85636909672498807],[0.25218762567544,0.43942422276410337,0.16529617667111993,0.43942422276410337,0.32568784022388853,0.89961885562938126,0.66946987211284359,0.91993097384579448,0.63135375081592382,0.63135375081592382,0.63135375081592382,0.9237868937967405,0.63135375081592382,0.90560488392429139,0.87604121144607516,0.74794679924355634,0.9237868937967405,1,0.92728861586556688,0.74794679924355634],[0.43942422276410337,1,0.16529617667111993,1,0.43942422276410337,1,1,1,1,1,1,1,1,1,1,0.86551495514281218,1,0.92728861586556688,1,0.85955267948711633],[0.10097928530584227,0.16529617667111993,0.068393360620739807,0.16529617667111993,0.16529617667111993,0.60885440507873478,0.38738178682260033,0.72625338056190414,0.38738178682260033,0.38738178682260033,0.38738178682260033,0.737544897130348,0.38738178682260033,0.65143769059785506,0.71395404202537516,0.64498740176247749,0.85636909672498807,0.74794679924355634,0.85955267948711633,1]],"matrix_without_context":[[1,0.76646943453263383,0.86551495514281218,0.85636909672498807,0.66248297328982708,0.03753427281233495,0.023750919969273782,0.068393360620739807,0,0,0,0,0,0.25218762567544,0,0,0.03753427281233495,0.03753427281233495,0.068393360620739807,0.03753427281233495],[0.76646943453263383,1,0.87356703492623478,0.86551495514281218,0.68261871054520085,0.03753427281233495,0.023750919969273782,0.068393360620739807,0,0,0,0,0,0.25218762567544,0.03753427281233495,0,0,0.03753427281233495,0,0.03753427281233495],[0.86551495514281218,0.87356703492623478,1,1,0.76646943453263383,0.16529617667111993,0.068393360620739807,1,0,0,0,0,0,1,0,0,0,0.16529617667111993,0,0],[0.85636909672498807,0.86551495514281218,1,1,0.77738206260364073,0.16529617667111993,0.068393360620739807,0,0,0,0,0,0,1,0.16529617667111993,0,0,0.16529617667111993,0,0.023750919969273782],[0.66248297328982708,0.68261871054520085,0.76646943453263383,0.77738206260364073,1,0.29054636929714839,0.049501276671065977,0.32568784022388853,0,0,0.023750919969273782,0.32568784022388853,0.03753427281233495,0.367993311389692,0.21042811478322881,0.0072294319155411183,0.11734011782473977,0.32568784022388853,0.27812910984475858,0.13816512106135553],[0.03753427281233495,0.03753427281233495,0.16529617667111993,0.16529617667111993,0.29054636929714839,1,0.32568784022388853,0.92190648315005508,0.32568784022388853,0.4837036383374641,0.4837036383374641,0.92557890878718818,0.72625338056190414,0.91566428005117884,0.71395404202537516,0.16529617667111993,0.55468612964981845,0.84205044201905843,0.79641865773734644,0.26793175283660747],[0.023750919969273782,0.023750919969273782,0.068393360620739807,0.068393360620739807,0.049501276671065977,0.32568784022388853,1,0.32568784022388853,0.66069038817449055,0.72625338056190414,0.76646943453263383,0.25218762567544,0.82929087416122771,0.068393360620739807,0.46970564488467387,0.344423617934296,0.03753427281233495,0.16529617667111993,0.16529617667111993,0.011999098976908526],[0.068393360620739807,0.068393360620739807,1,0,0.32568784022388853,0.92190648315005508,0.32568784022388853,1,0.43942422276410337,0.700507010760774,0.66946987211284359,1,1,1,0.88504069074476588,0.32568784022388853,0.88071027878047436,0.94498467729659308,1,0.4837036383374641],[0,0,0,0,0,0.32568784022388853,0.66069038817449055,0.43942422276410337,1,0.78732395728382543,0.79641865773734644,0.32568784022388853,0.84954912628525936,0.068393360620739807,0.52173098990921374,0.42542252352855342,0.16529617667111993,0.22473070243894697,0.25218762567544,0.03753427281233495],[0,0,0,0,0,0.4837036383374641,0.72625338056190414,0.700507010760774,0.78732395728382543,1,0.86551495514281218,0.52173098990921374,0.93609741512283307,0.32568784022388853,0.71395404202537516,0.55468612964981845,0.25218762567544,0.43942422276410337,0.32568784022388853,0],[0,0,0,0,0.023750919969273782,0.4837036383374641,0.76646943453263383,0.66946987211284359,0.79641865773734644,0.86551495514281218,1,0.58348764142472931,0.93609741512283307,0.32568784022388853,0.66946987211284359,0.46970564488467387,0.25218762567544,0.38738178682260033,0.43942422276410337,0.016392641167004989],[0,0,0,0,0.32568784022388853,0.92557890878718818,0.25218762567544,1,0.32568784022388853,0.52173098990921374,0.58348764142472931,1,1,1,0.85303806821857564,0.32568784022388853,0.88071027878047436,0.94300290984055279,1,0.52173098990921374],[0,0,0,0,0.03753427281233495,0.72625338056190414,0.82929087416122771,1,0.84954912628525936,0.93609741512283307,0.93609741512283307,1,1,1,0.85303806821857564,0.56075318675449481,0.43942422276410337,0.63135375081592382,1,0.023750919969273782],[0.25218762567544,0.25218762567544,1,1,0.367993311389692,0.91566428005117884,0.068393360620739807,1,0.068393360620739807,0.32568784022388853,0.32568784022388853,1,1,1,0.74794679924355634,0.16529617667111993,0.81957697688458475,0.93197692469577953,1,0.3578733656260219],[0,0.03753427281233495,0,0.16529617667111993,0.21042811478322881,0.71395404202537516,0.46970564488467387,0.88504069074476588,0.52173098990921374,0.71395404202537516,0.66946987211284359,0.85303806821857564,0.85303806821857564,0.74794679924355634,1,0.38738178682260033,0.737544897130348,0.74794679924355634,0.79641865773734644,0.35165932462127825],[0,0,0,0,0.0072294319155411183,0.16529617667111993,0.344423617934296,0.32568784022388853,0.42542252352855342,0.55468612964981845,0.46970564488467387,0.32568784022388853,0.56075318675449481,0.16529617667111993,0.38738178682260033,1,0.302605583653328,0.27812910984475858,0.26793175283660747,0.03753427281233495],[0.03753427281233495,0,0,0,0.11734011782473977,0.55468612964981845,0.03753427281233495,0.88071027878047436,0.16529617667111993,0.25218762567544,0.25218762567544,0.88071027878047436,0.43942422276410337,0.81957697688458475,0.737544897130348,0.302605583653328,1,0.782466108322267,0.91785296792380566,0.54845356049393934],[0.03753427281233495,0.03753427281233495,0.16529617667111993,0.16529617667111993,0.32568784022388853,0.84205044201905843,0.16529617667111993,0.94498467729659308,0.22473070243894697,0.43942422276410337,0.38738178682260033,0.94300290984055279,0.63135375081592382,0.93197692469577953,0.74794679924355634,0.27812910984475858,0.782466108322267,1,0.9109175168146969,0.41963602566300873],[0.068393360620739807,0,0,0,0.27812910984475858,0.79641865773734644,0.16529617667111993,1,0.25218762567544,0.32568784022388853,0.43942422276410337,1,1,1,0.79641865773734644,0.26793175283660747,0.91785296792380566,0.9109175168146969,1,0.65143769059785506],[0.03753427281233495,0.03753427281233495,0,0.023750919969273782,0.13816512106135553,0.26793175283660747,0.011999098976908526,0.4837036383374641,0.03753427281233495,0,0.016392641167004989,0.52173098990921374,0.023750919969273782,0.3578733656260219,0.35165932462127825,0.03753427281233495,0.54845356049393934,0.41963602566300873,0.65143769059785506,1]]}