{"matrix_with_context":[[1,0.8337666549946805,0.76646943453263383,0.81429444204748158,0.016392641167004989,0.16529617667111993,0.03753427281233495,0,0.16529617667111993,0,0,0,0.016392641167004989,0,0,0,0,0,0,0,0,0,0,0],[0.8337666549946805,1,0.75443744939597512,0.8337666549946805,0.016392641167004989,0.16529617667111993,0.03753427281233495,0,0.16529617667111993,0,0,0,0.016392641167004989,0,0,0,0,0,0,0,0,0,0,0],[0.76646943453263383,0.75443744939597512,1,0.74794679924355634,0.013938903334611591,0.068393360620739807,0.023750919969273782,0,0.068393360620739807,0,0,0,0.011999098976908526,0,0,0,0,0,0,0,0,0,0,0],[0.81429444204748158,0.8337666549946805,0.74794679924355634,1,0.016392641167004989,0.16529617667111993,0.03753427281233495,0,0.16529617667111993,0,0,0,0,0,0,0,0,0,0,0,0,0,0,0],[0.016392641167004989,0.016392641167004989,0.013938903334611591,0.016392641167004989,1,0.057790890043389789,0.013938903334611591,0.0058489631431305625,0.079173757109080284,0.0058489631431305625,0.0048296546113252709,0,0.0029768564767243791,0,0.03753427281233495,0,0.0058489631431305625,0,0,0,0,0,0,0],[0.16529617667111993,0.16529617667111993,0.068393360620739807,0.16529617667111993,0.057790890043389789,1,0.78967270465186667,1,1,1,0.90833807169528191,1,0.71395404202537516,0.91566428005117884,1,1,1,1,1,0.91335582996733766,1,1,1,0.500691038290981],[0.03753427281233495,0.03753427281233495,0.023750919969273782,0.03753427281233495,0.013938903334611591,0.78967270465186667,1,0.81429444204748158,0.77475024407828419,0.77475024407828419,0.74110574870396628,0.75755963235550883,0.50967101368833356,0.6576605631976371,0.82456797807736715,0.77475024407828419,0.782466108322267,0.78967270465186667,0.75755963235550883,0.68049963816715942,0.74794679924355634,0.75755963235550883,0.75755963235550883,0.3403408703080405],[0,0,0,0,0.0058489631431305625,1,0.81429444204748158,1,1,1,0.88906797073604538,1,0.60885440507873478,0.93048278580024735,1,1,1,1,1,0.93340820557187709,1,1,1,0.46557205575798577],[0.16529617667111993,0.16529617667111993,0.068393360620739807,0.16529617667111993,0.079173757109080284,1,0.77475024407828419,1,1,1,0.91335582996733766,1,0.73201727248460757,0.90833807169528191,1,1,1,1,1,0.89961885562938126,1,1,1,0.51142971717912489],[0,0,0,0,0.0058489631431305625,1,0.77475024407828419,1,1,1,0.90833807169528191,1,0.67781107701750676,0.95512660373950886,1,1,1,1,1,0.96118195564288023,1,1,1,0.55025156241239837],[0,0,0,0,0.0048296546113252709,0.90833807169528191,0.74110574870396628,0.88906797073604538,0.91335582996733766,0.90833807169528191,1,0.89961885562938126,0.66946987211284359,0.81429444204748158,0.94300290984055279,0.90270379534291678,0.90560488392429139,0.90560488392429139,0.89961885562938126,0.802746616928881,0.89633202970679726,0.89961885562938126,0.89961885562938126,0.46243130793865689],[0,0,0,0,0,1,0.75755963235550883,1,1,1,0.89961885562938126,1,0.66946987211284359,0.95448110306179013,1,1,1,1,1,0.95917883375441049,1,1,1,0.55025156241239837],[0.016392641167004989,0.016392641167004989,0.011999098976908526,0,0.0029768564767243791,0.71395404202537516,0.50967101368833356,0.60885440507873478,0.73201727248460757,0.67781107701750676,0.66946987211284359,0.66946987211284359,1,0.60402674120718192,0.71395404202537516,0.66069038817449055,0.65143769059785506,0.6416731110615701,0.66069038817449055,0.59401179062217657,0.66069038817449055,0.66069038817449055,0.66069038817449055,0.36066240835399566],[0,0,0,0,0,0.91566428005117884,0.6576605631976371,0.93048278580024735,0.90833807169528191,0.95512660373950886,0.81429444204748158,0.95448110306179013,0.60402674120718192,1,0.89961885562938126,0.94856172512354742,0.95018133510065639,0.94498467729659308,0.95575405498662258,0.90699154159973439,0.95242816618006232,0.95695775465238764,0.95313274630315326,0.54686879040347258],[0,0,0,0,0.03753427281233495,1,0.82456797807736715,1,1,1,0.94300290984055279,1,0.71395404202537516,0.89961885562938126,1,1,1,1,1,0.88906797073604538,1,1,1,0.48948811845844614],[0,0,0,0,0,1,0.77475024407828419,1,1,1,0.90270379534291678,1,0.66069038817449055,0.94856172512354742,1,1,1,1,1,0.95969874674133,1,1,1,0.54111947159615426],[0,0,0,0,0.0058489631431305625,1,0.782466108322267,1,1,1,0.90560488392429139,1,0.65143769059785506,0.95018133510065639,1,1,1,1,1,0.95809770308056652,1,1,1,0.53161982747420478],[0,0,0,0,0,1,0.78967270465186667,1,1,1,0.90560488392429139,1,0.6416731110615701,0.94498467729659308,1,1,1,1,1,0.95242816618006232,1,1,1,0.53161982747420478],[0,0,0,0,0,1,0.75755963235550883,1,1,1,0.89961885562938126,1,0.66069038817449055,0.95575405498662258,1,1,1,1,1,0.96342540323599835,1,1,1,0.56749234919797509],[0,0,0,0,0,0.91335582996733766,0.68049963816715942,0.93340820557187709,0.89961885562938126,0.96118195564288023,0.802746616928881,0.95917883375441049,0.59401179062217657,0.90699154159973439,0.88906797073604538,0.95969874674133,0.95809770308056652,0.95242816618006232,0.96342540323599835,1,0.968203374023381,0.96504171858250809,0.96652123194661388,0.49374540184743737],[0,0,0,0,0,1,0.74794679924355634,1,1,1,0.89633202970679726,1,0.66069038817449055,0.95242816618006232,1,1,1,1,1,0.968203374023381,1,1,1,0.55025156241239837],[0,0,0,0,0,1,0.75755963235550883,1,1,1,0.89961885562938126,1,0.66069038817449055,0.95695775465238764,1,1,1,1,1,0.96504171858250809,1,1,1,0.56749234919797509],[0,0,0,0,0,1,0.75755963235550883,1,1,1,0.89961885562938126,1,0.66069038817449055,0.95313274630315326,1,1,1,1,1,0.96652123194661388,1,1,1,0.55025156241239837],[0,0,0,0,0,0.500691038290981,0.3403408703080405,0.46557205575798577,0.51142971717912489,0.55025156241239837,0.46243130793865689,0.55025156241239837,0.36066240835399566,0.54686879040347258,0.48948811845844614,0.54111947159615426,0.53161982747420478,0.53161982747420478,0.56749234919797509,0.49374540184743737,0.55025156241239837,0.56749234919797509,0.55025156241239837,1]],"matrix_without_context":[[1,0.74110574870396628,0.782466108322267,0.81957697688458475,0.0072294319155411183,0.068393360620739807,0,0.0091647995840171727,0.10097928530584227,0,0.10097928530584227,0,0.031832942175295559,0.03753427281233495,0.068393360620739807,0.03753427281233495,0.011999098976908526,0,0,0,0,0,0,0],[0.74110574870396628,1,0.81429444204748158,0.89961885562938126,0.029461036605717937,0.03753427281233495,0.0058489631431305625,0,0.16529617667111993,0,0,0,0.0058489631431305625,0,0,0,0,0,0,0,0,0,0,0],[0.782466108322267,0.81429444204748158,1,0.90560488392429139,0.029461036605717937,0.03753427281233495,0,0.011999098976908526,0.068393360620739807,0,0,0,0.0058489631431305625,0,0,0,0.016392641167004989,0,0,0,0,0,0,0],[0.81957697688458475,0.89961885562938126,0.90560488392429139,1,0.068393360620739807,0.068393360620739807,0.0072294319155411183,0,0.16529617667111993,0,0,0,0.044938057663749864,0.32568784022388853,0.068393360620739807,0,0,0,0,0,0,0,0,0],[0.0072294319155411183,0.029461036605717937,0.029461036605717937,0.068393360620739807,1,0.068393360620739807,0.068393360620739807,0.027346467968911305,0.082275448418156774,0.03753427281233495,0.11033862621988332,0.011999098976908526,0.018408999651278343,0.029461036605717937,0.14160118649403922,0.0091647995840171727,0.016392641167004989,0.054807239502536013,0.0091647995840171727,0.0091647995840171727,0,0.03753427281233495,0,0],[0.068393360620739807,0.03753427281233495,0.03753427281233495,0.068393360620739807,0.068393360620739807,1,0.0048296546113252709,0.344423617934296,0.718173939325141,0.77475024407828419,0.10097928530584227,0.58348764142472931,0.0048296546113252709,0.5442033162640002,0.068393360620739807,0.56470905735878529,0.43942422276410337,0.70960684217289294,0.68049963816715942,0.52173098990921374,0.43942422276410337,0.72625338056190414,0.63135375081592382,0],[0,0.0058489631431305625,0,0.0072294319155411183,0.068393360620739807,0.0048296546113252709,1,0.033128761365810756,0.057790890043389789,0.0072294319155411183,0.12276874354363791,0.0072294319155411183,0.0072294319155411183,0,0.16529617667111993,0,0,0.0058489631431305625,0,0,0,0,0,0],[0.0091647995840171727,0,0.011999098976908526,0,0.027346467968911305,0.344423617934296,0.033128761365810756,1,0.25218762567544,0.52173098990921374,0.13356650750221294,0.3984965425184302,0,0.49700969553598839,0.16529617667111993,0.27812910984475858,0.22473070243894697,0.45496440993935694,0.45496440993935694,0.22473070243894697,0.22473070243894697,0.58348764142472931,0.26793175283660747,0.013938903334611591],[0.10097928530584227,0.16529617667111993,0.068393360620739807,0.16529617667111993,0.082275448418156774,0.718173939325141,0.057790890043389789,0.25218762567544,1,0.76646943453263383,0.25218762567544,0.63135375081592382,0.019560431003895665,0.55468612964981845,0.10097928530584227,0.4837036383374641,0.32568784022388853,0.65143769059785506,0.63135375081592382,0.4837036383374641,0.38738178682260033,0.74794679924355634,0.63135375081592382,0.0091647995840171727],[0,0,0,0,0.03753427281233495,0.77475024407828419,0.0072294319155411183,0.52173098990921374,0.76646943453263383,1,0.58348764142472931,1,0,0.87604121144607516,0.25218762567544,0.9109175168146969,0.69330224607801139,0.93197692469577953,0.9237868937967405,0.88504069074476588,0.87099219668878736,1,1,0.011999098976908526],[0.10097928530584227,0,0,0,0.11033862621988332,0.10097928530584227,0.12276874354363791,0.13356650750221294,0.25218762567544,0.58348764142472931,1,0.52173098990921374,0.019560431003895665,0.25218762567544,0.718173939325141,0.25218762567544,0.12709828237865858,0.38738178682260033,0.068393360620739807,0.16529617667111993,0.068393360620739807,0.32568784022388853,0.16529617667111993,0],[0,0,0,0,0.011999098976908526,0.58348764142472931,0.0072294319155411183,0.3984965425184302,0.63135375081592382,1,0.52173098990921374,1,0,0.85955267948711633,0.16529617667111993,0.88906797073604538,0.38738178682260033,0.85303806821857564,0.84589079041384407,0.90560488392429139,0.89633202970679726,1,1,0.03753427281233495],[0.031832942175295559,0.0058489631431305625,0.0058489631431305625,0.044938057663749864,0.018408999651278343,0.0048296546113252709,0.0072294319155411183,0,0.019560431003895665,0,0.019560431003895665,0,1,0.019560431003895665,0.049501276671065977,0,0,0.0058489631431305625,0,0,0,0,0,0],[0.03753427281233495,0,0,0.32568784022388853,0.029461036605717937,0.5442033162640002,0,0.49700969553598839,0.55468612964981845,0.87604121144607516,0.25218762567544,0.85955267948711633,0.019560431003895665,1,0.16529617667111993,0.60885440507873478,0.43942422276410337,0.75755963235550883,0.81957697688458475,0.58348764142472931,0.55468612964981845,0.92190648315005508,0.66946987211284359,0.21660451007200782],[0.068393360620739807,0,0,0.068393360620739807,0.14160118649403922,0.068393360620739807,0.16529617667111993,0.16529617667111993,0.10097928530584227,0.25218762567544,0.718173939325141,0.16529617667111993,0.049501276671065977,0.16529617667111993,1,0.03753427281233495,0.10097928530584227,0.32568784022388853,0,0.03753427281233495,0,0.068393360620739807,0,0],[0.03753427281233495,0,0,0,0.0091647995840171727,0.56470905735878529,0,0.27812910984475858,0.4837036383374641,0.9109175168146969,0.25218762567544,0.88906797073604538,0,0.60885440507873478,0.03753427281233495,1,0.49176719594574542,0.782466108322267,0.78967270465186667,0.82456797807736715,0.82929087416122771,0.86551495514281218,0.92190648315005508,0],[0.011999098976908526,0,0.016392641167004989,0,0.016392641167004989,0.43942422276410337,0,0.22473070243894697,0.32568784022388853,0.69330224607801139,0.12709828237865858,0.38738178682260033,0,0.43942422276410337,0.10097928530584227,0.49176719594574542,1,0.66946987211284359,0.60402674120718192,0.35165932462127825,0.26793175283660747,0.59656183305962562,0.46243130793865689,0.016392641167004989],[0,0,0,0,0.054807239502536013,0.70960684217289294,0.0058489631431305625,0.45496440993935694,0.65143769059785506,0.93197692469577953,0.38738178682260033,0.85303806821857564,0.0058489631431305625,0.75755963235550883,0.32568784022388853,0.782466108322267,0.66946987211284359,1,0.84954912628525936,0.75755963235550883,0.72625338056190414,0.90833807169528191,0.86551495514281218,0.0091647995840171727],[0,0,0,0,0.0091647995840171727,0.68049963816715942,0,0.45496440993935694,0.63135375081592382,0.9237868937967405,0.068393360620739807,0.84589079041384407,0,0.81957697688458475,0,0.78967270465186667,0.60402674120718192,0.84954912628525936,1,0.72625338056190414,0.71395404202537516,0.93048278580024735,0.85303806821857564,0.11033862621988332],[0,0,0,0,0.0091647995840171727,0.52173098990921374,0,0.22473070243894697,0.4837036383374641,0.88504069074476588,0.16529617667111993,0.90560488392429139,0,0.58348764142472931,0.03753427281233495,0.82456797807736715,0.35165932462127825,0.75755963235550883,0.72625338056190414,1,0.85955267948711633,0.87099219668878736,0.9237868937967405,0],[0,0,0,0,0,0.43942422276410337,0,0.22473070243894697,0.38738178682260033,0.87099219668878736,0.068393360620739807,0.89633202970679726,0,0.55468612964981845,0,0.82929087416122771,0.26793175283660747,0.72625338056190414,0.71395404202537516,0.85955267948711633,1,0.84589079041384407,0.92557890878718818,0],[0,0,0,0,0.03753427281233495,0.72625338056190414,0,0.58348764142472931,0.74794679924355634,1,0.32568784022388853,1,0,0.92190648315005508,0.068393360620739807,0.86551495514281218,0.59656183305962562,0.90833807169528191,0.93048278580024735,0.87099219668878736,0.84589079041384407,1,1,0.10097928530584227],[0,0,0,0,0,0.63135375081592382,0,0.26793175283660747,0.63135375081592382,1,0.16529617667111993,1,0,0.66946987211284359,0,0.92190648315005508,0.46243130793865689,0.86551495514281218,0.85303806821857564,0.9237868937967405,0.92557890878718818,1,1,0],[0,0,0,0,0,0,0,0.013938903334611591,0.0091647995840171727,0.011999098976908526,0,0.03753427281233495,0,0.21660451007200782,0,0,0.016392641167004989,0.0091647995840171727,0.11033862621988332,0,0,0.10097928530584227,0,1]]}