{"matrix_with_context":[[1,0,0,0,0,0.0014567619608943834,0,0,0,0,0,0,0,0,0],[0,1,0,0.068393360620739807,0.0025923195846382528,0,0.0048296546113252709,0,0,0.016392641167004989,0.016392641167004989,0,0.0048296546113252709,0.0048296546113252709,0],[0,0,1,0,0.042891985515912841,0.0081110432278934559,0,0.0058489631431305625,0.0058489631431305625,0,0,0,0,0,0],[0,0.068393360620739807,0,1,0.068393360620739807,0,1,0,0.25218762567544,1,1,0.71395404202537516,1,1,0.25218762567544],[0,0.0025923195846382528,0.042891985515912841,0.068393360620739807,1,0.11734011782473977,0.4837036383374641,0.367993311389692,0.46970564488467387,0.46243130793865689,0.4144824997410867,0.367993311389692,0.46243130793865689,0.4837036383374641,0.023750919969273782],[0.0014567619608943834,0,0.0081110432278934559,0,0.11734011782473977,1,0.023750919969273782,0.20166435442006905,0.049501276671065977,0.0072294319155411183,0.023750919969273782,0.016392641167004989,0.023750919969273782,0.023750919969273782,0],[0,0.0048296546113252709,0,1,0.4837036383374641,0.023750919969273782,1,0.16529617667111993,0.802746616928881,1,1,0.87356703492623478,1,1,0.32568784022388853],[0,0,0.0058489631431305625,0,0.367993311389692,0.20166435442006905,0.16529617667111993,1,0.25218762567544,0.068393360620739807,0.16529617667111993,0.068393360620739807,0.16529617667111993,0.16529617667111993,0],[0,0,0.0058489631431305625,0.25218762567544,0.46970564488467387,0.049501276671065977,0.802746616928881,0.25218762567544,1,0.75755963235550883,0.74794679924355634,0.69330224607801139,0.80869414296759312,0.78967270465186667,0.03753427281233495],[0,0.016392641167004989,0,1,0.46243130793865689,0.0072294319155411183,1,0.068393360620739807,0.75755963235550883,1,1,0.86551495514281218,1,1,0.38738178682260033],[0,0.016392641167004989,0,1,0.4144824997410867,0.023750919969273782,1,0.16529617667111993,0.74794679924355634,1,1,0.85955267948711633,1,1,0.3578733656260219],[0,0,0,0.71395404202537516,0.367993311389692,0.016392641167004989,0.87356703492623478,0.068393360620739807,0.69330224607801139,0.86551495514281218,0.85955267948711633,1,0.88071027878047436,0.87099219668878736,0.13356650750221294],[0,0.0048296546113252709,0,1,0.46243130793865689,0.023750919969273782,1,0.16529617667111993,0.80869414296759312,1,1,0.88071027878047436,1,1,0.29054636929714839],[0,0.0048296546113252709,0,1,0.4837036383374641,0.023750919969273782,1,0.16529617667111993,0.78967270465186667,1,1,0.87099219668878736,1,1,0.32568784022388853],[0,0,0,0.25218762567544,0.023750919969273782,0,0.32568784022388853,0,0.03753427281233495,0.38738178682260033,0.3578733656260219,0.13356650750221294,0.29054636929714839,0.32568784022388853,1]],"matrix_without_context":[[1,0.0017989992091617679,0.0048296546113252709,0,0,0.0034538575892268568,0.03753427281233495,0,0.0048296546113252709,0.03753427281233495,0,0.0091647995840171727,0,0.011999098976908526,0.0072294319155411183],[0.0017989992091617679,1,0.0081110432278934559,0,0,0,0.0040555704522478525,0,0.0081110432278934559,0.013938903334611591,0,0,0,0.0040555704522478525,0.0029768564767243791],[0.0048296546113252709,0.0081110432278934559,1,0,0.11033862621988332,0.0048296546113252709,0.023750919969273782,0.0048296546113252709,0.32568784022388853,0.023750919969273782,0,0,0,0.023750919969273782,0.011999098976908526],[0,0,0,1,0,0,1,0,0,1,0.95242816618006232,0.88504069074476588,0.832300980355251,1,0.894606618266328],[0,0,0.11033862621988332,0,1,0.019560431003895665,0,0.16529617667111993,0.16529617667111993,0,0,0,0,0.03753427281233495,0],[0.0034538575892268568,0,0.0048296546113252709,0,0.019560431003895665,1,0,0.052585685013413992,0.0048296546113252709,0,0,0,0,0.011999098976908526,0],[0.03753427281233495,0.0040555704522478525,0.023750919969273782,1,0,0,1,0,0.023750919969273782,1,0.95695775465238764,0.88071027878047436,0.83801418019047558,1,0.90417627895595931],[0,0,0.0048296546113252709,0,0.16529617667111993,0.052585685013413992,0,1,0.016392641167004989,0,0,0,0,0,0],[0.0048296546113252709,0.0081110432278934559,0.32568784022388853,0,0.16529617667111993,0.0048296546113252709,0.023750919969273782,0.016392641167004989,1,0.023750919969273782,0,0,0,0.023750919969273782,0.011999098976908526],[0.03753427281233495,0.013938903334611591,0.023750919969273782,1,0,0,1,0,0.023750919969273782,1,0.95575405498662258,0.89282284594887551,0.83520698322546949,1,0.89961885562938126],[0,0,0,0.95242816618006232,0,0,0.95695775465238764,0,0,0.95575405498662258,1,0.782466108322267,0.78612987429965275,0.95381676287276362,0.85527563409290019],[0.0091647995840171727,0,0,0.88504069074476588,0,0,0.88071027878047436,0,0,0.89282284594887551,0.782466108322267,1,0.6416731110615701,0.88906797073604538,0.700507010760774],[0,0,0,0.832300980355251,0,0,0.83801418019047558,0,0,0.83520698322546949,0.78612987429965275,0.6416731110615701,1,0.82929087416122771,0.71136136154095087],[0.011999098976908526,0.0040555704522478525,0.023750919969273782,1,0.03753427281233495,0.011999098976908526,1,0,0.023750919969273782,1,0.95381676287276362,0.88906797073604538,0.82929087416122771,1,0.89633202970679726],[0.0072294319155411183,0.0029768564767243791,0.011999098976908526,0.894606618266328,0,0,0.90417627895595931,0,0.011999098976908526,0.89961885562938126,0.85527563409290019,0.700507010760774,0.71136136154095087,0.89633202970679726,1]]}