{"matrix_with_context":[[1,1,1,1,1,1,1,1,0,0,0.068393360620739807,0,1,0,0,0,0,0,0,0,0,0,0,0,0,1,0.03753427281233495,0],[1,1,1,1,1,1,1,1,0,0,0.068393360620739807,0,1,0,0,0,0,0,0,0,0,0,0,0,0,1,0.03753427281233495,0],[1,1,1,1,1,1,1,1,0,0,0.068393360620739807,0,1,0,0,0,0,0,0,0,0,0,0,0,0,1,0.03753427281233495,0],[1,1,1,1,1,1,1,1,1,0,0.068393360620739807,0,1,1,1,1,1,0.16529617667111993,1,1,1,1,1,1,1,1,0.03753427281233495,0],[1,1,1,1,1,1,1,1,1,0,0.068393360620739807,0,1,1,1,1,1,0.16529617667111993,0,1,1,1,1,1,1,1,0.03753427281233495,0],[1,1,1,1,1,1,1,1,0,0,0.068393360620739807,0,1,0,0,0,0,0,0,0,0,0,0,0,0,1,0.03753427281233495,0],[1,1,1,1,1,1,1,1,1,0,0.068393360620739807,0,1,1,1,1,1,0.16529617667111993,0,1,1,1,1,1,1,1,0.03753427281233495,0],[1,1,1,1,1,1,1,1,0,0,0.068393360620739807,0,1,0,0,0,0,0,0,0,0,0,0,0,0,1,0.03753427281233495,0],[0,0,0,1,1,0,1,0,1,1,0.25218762567544,0.84005772356923258,1,1,1,1,1,0.96913389981432208,1,1,1,1,1,1,1,1,0.22473070243894697,0.03753427281233495],[0,0,0,0,0,0,0,0,1,1,0.25218762567544,0.84954912628525936,1,1,1,1,1,0.96255987569117984,1,1,1,1,1,1,1,1,0.22473070243894697,0.03753427281233495],[0.068393360620739807,0.068393360620739807,0.068393360620739807,0.068393360620739807,0.068393360620739807,0.068393360620739807,0.068393360620739807,0.068393360620739807,0.25218762567544,0.25218762567544,1,0.10097928530584227,0.32568784022388853,0.25218762567544,0.25218762567544,0.32568784022388853,0.32568784022388853,0.16529617667111993,0.32568784022388853,0.25218762567544,0.25218762567544,0.32568784022388853,0.32568784022388853,0.38738178682260033,0.32568784022388853,0.802746616928881,0.63135375081592382,0.32568784022388853],[0,0,0,0,0,0,0,0,0.84005772356923258,0.84954912628525936,0.10097928530584227,1,0.84954912628525936,0.84205044201905843,0.8337666549946805,0.83801418019047558,0.83801418019047558,0.80396543568550816,0.83801418019047558,0.83801418019047558,0.83801418019047558,0.84005772356923258,0.83155842861370255,0.83155842861370255,0.83801418019047558,0.16529617667111993,0.11033862621988332,0.029461036605717937],[1,1,1,1,1,1,1,1,1,1,0.32568784022388853,0.84954912628525936,1,1,1,1,1,0.9657974666274276,1,1,1,1,1,1,1,1,0.27812910984475858,0.03753427281233495],[0,0,0,1,1,0,1,0,1,1,0.25218762567544,0.84205044201905843,1,1,1,1,1,0.96788060511003338,1,1,1,1,1,1,1,1,0.22473070243894697,0.03753427281233495],[0,0,0,1,1,0,1,0,1,1,0.25218762567544,0.8337666549946805,1,1,1,1,1,0.97374419265212842,1,1,1,1,1,1,1,1,0.367993311389692,0.03753427281233495],[0,0,0,1,1,0,1,0,1,1,0.32568784022388853,0.83801418019047558,1,1,1,1,1,0.97556878660053958,1,1,1,1,1,1,1,1,0.367993311389692,0.10097928530584227],[0,0,0,1,1,0,1,0,1,1,0.32568784022388853,0.83801418019047558,1,1,1,1,1,0.97330109383865127,1,1,1,1,1,1,1,1,0.32568784022388853,0.03753427281233495],[0,0,0,0.16529617667111993,0.16529617667111993,0,0.16529617667111993,0,0.96913389981432208,0.96255987569117984,0.16529617667111993,0.80396543568550816,0.9657974666274276,0.96788060511003338,0.97374419265212842,0.97556878660053958,0.97330109383865127,1,0.9728427833083847,0.974172824690047,0.974172824690047,0.97307388857774191,0.97396027237480876,0.974172824690047,0.97307388857774191,0.58348764142472931,0.25218762567544,0.023750919969273782],[0,0,0,1,0,0,0,0,1,1,0.32568784022388853,0.83801418019047558,1,1,1,1,1,0.9728427833083847,1,1,1,1,1,1,1,1,0.367993311389692,0.03753427281233495],[0,0,0,1,1,0,1,0,1,1,0.25218762567544,0.83801418019047558,1,1,1,1,1,0.974172824690047,1,1,1,1,1,1,1,1,0.32568784022388853,0.03753427281233495],[0,0,0,1,1,0,1,0,1,1,0.25218762567544,0.83801418019047558,1,1,1,1,1,0.974172824690047,1,1,1,1,1,1,1,1,0.32568784022388853,0.03753427281233495],[0,0,0,1,1,0,1,0,1,1,0.32568784022388853,0.84005772356923258,1,1,1,1,1,0.97307388857774191,1,1,1,1,1,1,1,1,0.367993311389692,0.10097928530584227],[0,0,0,1,1,0,1,0,1,1,0.32568784022388853,0.83155842861370255,1,1,1,1,1,0.97396027237480876,1,1,1,1,1,1,1,1,0.367993311389692,0.03753427281233495],[0,0,0,1,1,0,1,0,1,1,0.38738178682260033,0.83155842861370255,1,1,1,1,1,0.974172824690047,1,1,1,1,1,1,1,1,0.43942422276410337,0.16529617667111993],[0,0,0,1,1,0,1,0,1,1,0.32568784022388853,0.83801418019047558,1,1,1,1,1,0.97307388857774191,1,1,1,1,1,1,1,1,0.367993311389692,0.03753427281233495],[1,1,1,1,1,1,1,1,1,1,0.802746616928881,0.16529617667111993,1,1,1,1,1,0.58348764142472931,1,1,1,1,1,1,1,1,0.76646943453263383,0.46970564488467387],[0.03753427281233495,0.03753427281233495,0.03753427281233495,0.03753427281233495,0.03753427281233495,0.03753427281233495,0.03753427281233495,0.03753427281233495,0.22473070243894697,0.22473070243894697,0.63135375081592382,0.11033862621988332,0.27812910984475858,0.22473070243894697,0.367993311389692,0.367993311389692,0.32568784022388853,0.25218762567544,0.367993311389692,0.32568784022388853,0.32568784022388853,0.367993311389692,0.367993311389692,0.43942422276410337,0.367993311389692,0.76646943453263383,1,0.32568784022388853],[0,0,0,0,0,0,0,0,0.03753427281233495,0.03753427281233495,0.32568784022388853,0.029461036605717937,0.03753427281233495,0.03753427281233495,0.03753427281233495,0.10097928530584227,0.03753427281233495,0.023750919969273782,0.03753427281233495,0.03753427281233495,0.03753427281233495,0.10097928530584227,0.03753427281233495,0.16529617667111993,0.03753427281233495,0.46970564488467387,0.32568784022388853,1]],"matrix_without_context":[[1,1,1,1,1,0.91993097384579448,1,0.66946987211284359,0.068393360620739807,0.03753427281233495,0,0.03753427281233495,0.03753427281233495,0,0.16529617667111993,1,0.16529617667111993,0.16529617667111993,0,1,1,0,1,0,0.16529617667111993,0,0,0],[1,1,1,1,1,0.92728861586556688,1,0.64498740176247749,0.068393360620739807,0.03753427281233495,0,0.03753427281233495,0.03753427281233495,0,0.16529617667111993,1,0.16529617667111993,0.16529617667111993,0,1,1,0,1,1,0.16529617667111993,0,0,0],[1,1,1,1,1,0.92557890878718818,1,0.63135375081592382,0,0,1,0,0,0,0,0,0,0,0,0,0,0,0,1,0,1,0.16529617667111993,0],[1,1,1,1,1,0.9237868937967405,1,0.70960684217289294,0,0,0,0,0,0,0,0,0,0,0,0,0,0,0,1,0,0,0,0],[1,1,1,1,1,0.93197692469577953,1,0.69082370811937455,0,0,1,0,0,0,0,0,0,0,0,0,0,0,0,0,0,1,0.16529617667111993,0],[0.91993097384579448,0.92728861586556688,0.92557890878718818,0.9237868937967405,0.93197692469577953,1,0.91785296792380566,0.62043190647442548,0,0,0,0,0,0,0,0,0,0,0,0,0,0,0,0,0,0,0,0],[1,1,1,1,1,0.91785296792380566,1,0.68049963816715942,0.068393360620739807,0.03753427281233495,0,0.03753427281233495,0.03753427281233495,0,0.16529617667111993,1,0.16529617667111993,0.16529617667111993,0,1,1,0,1,1,0.16529617667111993,0,0,0],[0.66946987211284359,0.64498740176247749,0.63135375081592382,0.70960684217289294,0.69082370811937455,0.62043190647442548,0.68049963816715942,1,0.016392641167004989,0.011999098976908526,0,0.011999098976908526,0.011999098976908526,0,0.023750919969273782,0.03753427281233495,0.023750919969273782,0.023750919969273782,0,0.03753427281233495,0.03753427281233495,0,0.03753427281233495,0.03753427281233495,0.023750919969273782,0,0,0],[0.068393360620739807,0.068393360620739807,0,0,0,0,0.068393360620739807,0.016392641167004989,1,0.12709828237865858,0.16529617667111993,0.049501276671065977,0.16529617667111993,0.76060379900416775,0.75443744939597512,0.802746616928881,0.70960684217289294,0.77738206260364073,0.802746616928881,0.82456797807736715,0.86259838045151771,0.70960684217289294,0.80869414296759312,0.83801418019047558,0.76060379900416775,0.71395404202537516,0.56470905735878529,0.63135375081592382],[0.03753427281233495,0.03753427281233495,0,0,0,0,0.03753427281233495,0.011999098976908526,0.12709828237865858,1,0.16529617667111993,0.32568784022388853,0.43942422276410337,0.11734011782473977,0.25218762567544,0.27812910984475858,0.21042811478322881,0.11734011782473977,0.16529617667111993,0.27812910984475858,0.367993311389692,0.25218762567544,0.32568784022388853,0.27812910984475858,0.21042811478322881,0.03753427281233495,0.023750919969273782,0.023750919969273782],[0,0,1,0,1,0,0,0,0.16529617667111993,0.16529617667111993,1,0,0.10097928530584227,0.43942422276410337,0.32568784022388853,1,0.58348764142472931,0.43942422276410337,1,1,1,0.58348764142472931,1,1,0.43942422276410337,1,0.79641865773734644,0.85955267948711633],[0.03753427281233495,0.03753427281233495,0,0,0,0,0.03753427281233495,0.011999098976908526,0.049501276671065977,0.32568784022388853,0,1,0.40570061213457737,0.068393360620739807,0.068393360620739807,0.03753427281233495,0.023750919969273782,0.023750919969273782,0,0.10097928530584227,0.10097928530584227,0.023750919969273782,0.10097928530584227,0.03753427281233495,0.068393360620739807,0,0.023750919969273782,0],[0.03753427281233495,0.03753427281233495,0,0,0,0,0.03753427281233495,0.011999098976908526,0.16529617667111993,0.43942422276410337,0.10097928530584227,0.40570061213457737,1,0.25218762567544,0.21042811478322881,0.10097928530584227,0.16529617667111993,0.11734011782473977,0.03753427281233495,0.27812910984475858,0.27812910984475858,0.11734011782473977,0.22473070243894697,0.22473070243894697,0.25218762567544,0,0.068393360620739807,0.068393360620739807],[0,0,0,0,0,0,0,0,0.76060379900416775,0.11734011782473977,0.43942422276410337,0.068393360620739807,0.25218762567544,1,0.85303806821857564,0.89633202970679726,0.82456797807736715,0.86551495514281218,0.91566428005117884,0.92190648315005508,0.93197692469577953,0.82456797807736715,0.90833807169528191,0.91785296792380566,0.84205044201905843,0.79641865773734644,0.737544897130348,0.737544897130348],[0.16529617667111993,0.16529617667111993,0,0,0,0,0.16529617667111993,0.023750919969273782,0.75443744939597512,0.25218762567544,0.32568784022388853,0.068393360620739807,0.21042811478322881,0.85303806821857564,1,0.95381676287276362,0.90270379534291678,0.88071027878047436,0.95512660373950886,0.94592477446664147,0.95381676287276362,0.9109175168146969,0.94771178421162194,0.95753537701891323,0.90833807169528191,0.87604121144607516,0.80869414296759312,0.80869414296759312],[1,1,0,0,0,0,1,0.03753427281233495,0.802746616928881,0.27812910984475858,1,0.03753427281233495,0.10097928530584227,0.89633202970679726,0.95381676287276362,1,0.93857790629280613,0.93197692469577953,1,1,1,0.94592477446664147,1,1,0.93197692469577953,1,0.85955267948711633,0.87099219668878736],[0.16529617667111993,0.16529617667111993,0,0,0,0,0.16529617667111993,0.023750919969273782,0.70960684217289294,0.21042811478322881,0.58348764142472931,0.023750919969273782,0.16529617667111993,0.82456797807736715,0.90270379534291678,0.93857790629280613,1,0.85636909672498807,0.94856172512354742,0.9373622021676894,0.94592477446664147,0.90270379534291678,0.93857790629280613,0.95381676287276362,0.8909777033503703,0.84589079041384407,0.77475024407828419,0.737544897130348],[0.16529617667111993,0.16529617667111993,0,0,0,0,0.16529617667111993,0.023750919969273782,0.77738206260364073,0.11734011782473977,0.43942422276410337,0.023750919969273782,0.11734011782473977,0.86551495514281218,0.88071027878047436,0.93197692469577953,0.85636909672498807,1,0.93478051224678316,0.940873064963423,0.94938448091023209,0.86831043418409337,0.93478051224678316,0.9373622021676894,0.87356703492623478,0.85955267948711633,0.76646943453263383,0.77475024407828419],[0,0,0,0,0,0,0,0,0.802746616928881,0.16529617667111993,1,0,0.03753427281233495,0.91566428005117884,0.95512660373950886,1,0.94856172512354742,0.93478051224678316,1,1,1,0.95242816618006232,1,1,0.94195751511670334,1,0.89282284594887551,0.89282284594887551],[1,1,0,0,0,0,1,0.03753427281233495,0.82456797807736715,0.27812910984475858,1,0.10097928530584227,0.27812910984475858,0.92190648315005508,0.94592477446664147,1,0.9373622021676894,0.940873064963423,1,1,1,0.94683328843174164,1,1,0.940873064963423,1,0.88906797073604538,0.87099219668878736],[1,1,0,0,0,0,1,0.03753427281233495,0.86259838045151771,0.367993311389692,1,0.10097928530584227,0.27812910984475858,0.93197692469577953,0.95381676287276362,1,0.94592477446664147,0.94938448091023209,1,1,1,0.94771178421162194,1,1,0.94592477446664147,1,0.88906797073604538,0.89961885562938126],[0,0,0,0,0,0,0,0,0.70960684217289294,0.25218762567544,0.58348764142472931,0.023750919969273782,0.11734011782473977,0.82456797807736715,0.9109175168146969,0.94592477446664147,0.90270379534291678,0.86831043418409337,0.95242816618006232,0.94683328843174164,0.94771178421162194,1,0.94498467729659308,0.95575405498662258,0.90560488392429139,0.87604121144607516,0.79641865773734644,0.77475024407828419],[1,1,0,0,0,0,1,0.03753427281233495,0.80869414296759312,0.32568784022388853,1,0.10097928530584227,0.22473070243894697,0.90833807169528191,0.94771178421162194,1,0.93857790629280613,0.93478051224678316,1,1,1,0.94498467729659308,1,1,0.9373622021676894,1,0.86551495514281218,0.88071027878047436],[0,1,1,1,0,0,1,0.03753427281233495,0.83801418019047558,0.27812910984475858,1,0.03753427281233495,0.22473070243894697,0.91785296792380566,0.95753537701891323,1,0.95381676287276362,0.9373622021676894,1,1,1,0.95575405498662258,1,1,0.95313274630315326,1,0.90560488392429139,0.90833807169528191],[0.16529617667111993,0.16529617667111993,0,0,0,0,0.16529617667111993,0.023750919969273782,0.76060379900416775,0.21042811478322881,0.43942422276410337,0.068393360620739807,0.25218762567544,0.84205044201905843,0.90833807169528191,0.93197692469577953,0.8909777033503703,0.87356703492623478,0.94195751511670334,0.940873064963423,0.94592477446664147,0.90560488392429139,0.9373622021676894,0.95313274630315326,1,0.88906797073604538,0.81429444204748158,0.78967270465186667],[0,0,1,0,1,0,0,0,0.71395404202537516,0.03753427281233495,1,0,0,0.79641865773734644,0.87604121144607516,1,0.84589079041384407,0.85955267948711633,1,1,1,0.87604121144607516,1,1,0.88906797073604538,1,0.90270379534291678,0.9237868937967405],[0,0,0.16529617667111993,0,0.16529617667111993,0,0,0,0.56470905735878529,0.023750919969273782,0.79641865773734644,0.023750919969273782,0.068393360620739807,0.737544897130348,0.80869414296759312,0.85955267948711633,0.77475024407828419,0.76646943453263383,0.89282284594887551,0.88906797073604538,0.88906797073604538,0.79641865773734644,0.86551495514281218,0.90560488392429139,0.81429444204748158,0.90270379534291678,1,0.85955267948711633],[0,0,0,0,0,0,0,0,0.63135375081592382,0.023750919969273782,0.85955267948711633,0,0.068393360620739807,0.737544897130348,0.80869414296759312,0.87099219668878736,0.737544897130348,0.77475024407828419,0.89282284594887551,0.87099219668878736,0.89961885562938126,0.77475024407828419,0.88071027878047436,0.90833807169528191,0.78967270465186667,0.9237868937967405,0.85955267948711633,1]]}