{"matrix_with_context":[[1,0,0,0,0,0,0,0,0,0,0.0048296546113252709,0.0048296546113252709,0.0029768564767243791,0.0048296546113252709,0,0,0,0.0029768564767243791],[0,1,0.91566428005117884,0.91785296792380566,0.65143769059785506,0.43942422276410337,0.63135375081592382,0.58348764142472931,0.0091647995840171727,0.0040555704522478525,0.32568784022388853,0.32568784022388853,0.32568784022388853,0.63135375081592382,0.16529617667111993,0.16529617667111993,0.16529617667111993,0.023750919969273782],[0,0.91566428005117884,1,1,0.80869414296759312,0.63135375081592382,1,1,0.011999098976908526,0.0048296546113252709,1,1,0.367993311389692,1,1,1,1,0.03753427281233495],[0,0.91785296792380566,1,1,0.79641865773734644,0.63135375081592382,1,1,0.011999098976908526,0.0048296546113252709,1,1,0.40570061213457737,1,1,1,1,0.03753427281233495],[0,0.65143769059785506,0.80869414296759312,0.79641865773734644,1,0.72625338056190414,0.782466108322267,0.79641865773734644,0.054807239502536013,0.0040555704522478525,0.16529617667111993,0.32568784022388853,0.3578733656260219,0.58348764142472931,0.52173098990921374,0.66946987211284359,0.43942422276410337,0.16529617667111993],[0,0.43942422276410337,0.63135375081592382,0.63135375081592382,0.72625338056190414,1,0.92557890878718818,0.92892155650183061,0.305986602951492,0.0040555704522478525,0.32568784022388853,0.32568784022388853,0.11734011782473977,0.43942422276410337,0.88906797073604538,0.90833807169528191,0.88071027878047436,0.4144824997410867],[0,0.63135375081592382,1,1,0.782466108322267,0.92557890878718818,1,1,0.302605583653328,0.0048296546113252709,1,1,0.03753427281233495,1,1,1,1,0.49700969553598839],[0,0.58348764142472931,1,1,0.79641865773734644,0.92892155650183061,1,1,0.367993311389692,0.0048296546113252709,1,1,0.10097928530584227,1,1,1,1,0.46970564488467387],[0,0.0091647995840171727,0.011999098976908526,0.011999098976908526,0.054807239502536013,0.305986602951492,0.302605583653328,0.367993311389692,1,0.0020172482675724188,0.38738178682260033,0.38738178682260033,0.10097928530584227,0.32568784022388853,0.49700969553598839,0.50967101368833356,0.4837036383374641,0.18575377356354245],[0,0.0040555704522478525,0.0048296546113252709,0.0048296546113252709,0.0040555704522478525,0.0040555704522478525,0.0048296546113252709,0.0048296546113252709,0.0020172482675724188,1,0.016392641167004989,0.016392641167004989,0.0029768564767243791,0.016392641167004989,0.016392641167004989,0.016392641167004989,0.016392641167004989,0],[0.0048296546113252709,0.32568784022388853,1,1,0.16529617667111993,0.32568784022388853,1,1,0.38738178682260033,0.016392641167004989,1,1,0.61664838769664443,1,1,1,1,0.46970564488467387],[0.0048296546113252709,0.32568784022388853,1,1,0.32568784022388853,0.32568784022388853,1,1,0.38738178682260033,0.016392641167004989,1,1,0.6576605631976371,1,1,1,1,0.46970564488467387],[0.0029768564767243791,0.32568784022388853,0.367993311389692,0.40570061213457737,0.3578733656260219,0.11734011782473977,0.03753427281233495,0.10097928530584227,0.10097928530584227,0.0029768564767243791,0.61664838769664443,0.6576605631976371,1,0.80476967288698187,0.27812910984475858,0.27812910984475858,0.22473070243894697,0.40570061213457737],[0.0048296546113252709,0.63135375081592382,1,1,0.58348764142472931,0.43942422276410337,1,1,0.32568784022388853,0.016392641167004989,1,1,0.80476967288698187,1,1,1,1,0.60074275976456537],[0,0.16529617667111993,1,1,0.52173098990921374,0.88906797073604538,1,1,0.49700969553598839,0.016392641167004989,1,1,0.27812910984475858,1,1,1,1,0.61664838769664443],[0,0.16529617667111993,1,1,0.66946987211284359,0.90833807169528191,1,1,0.50967101368833356,0.016392641167004989,1,1,0.27812910984475858,1,1,1,1,0.64498740176247749],[0,0.16529617667111993,1,1,0.43942422276410337,0.88071027878047436,1,1,0.4837036383374641,0.016392641167004989,1,1,0.22473070243894697,1,1,1,1,0.61664838769664443],[0.0029768564767243791,0.023750919969273782,0.03753427281233495,0.03753427281233495,0.16529617667111993,0.4144824997410867,0.49700969553598839,0.46970564488467387,0.18575377356354245,0,0.46970564488467387,0.46970564488467387,0.40570061213457737,0.60074275976456537,0.61664838769664443,0.64498740176247749,0.61664838769664443,1]],"matrix_without_context":[[1,0,0,0,0,0,0,0,0,0.0011011854936606555,0,0,0,0,0,0,0,0],[0,1,0.782466108322267,0.60885440507873478,0.068393360620739807,0,0.068393360620739807,0,0.16529617667111993,0,0.475391062573035,0.475391062573035,0.53877983779138638,0.64498740176247749,0.068393360620739807,0,0.068393360620739807,0],[0,0.782466108322267,1,0.68574563429279045,0.38738178682260033,1,1,1,0.700507010760774,0,0.5442033162640002,0.60074275976456537,0.58348764142472931,0.80869414296759312,0.46243130793865689,1,1,1],[0,0.60885440507873478,0.68574563429279045,1,0.068393360620739807,0,0.068393360620739807,0,0.068393360620739807,0,0.29782427989471427,0.23589722086215964,0.43942422276410337,0.63135375081592382,0.011999098976908526,0,0.068393360620739807,0],[0,0.068393360620739807,0.38738178682260033,0.068393360620739807,1,0.86831043418409337,0.74794679924355634,0.75755963235550883,0.16529617667111993,0,0,0.016392641167004989,0.29054636929714839,0.40570061213457737,0.10097928530584227,0.74794679924355634,0.75755963235550883,0.86831043418409337],[0,0,1,0,0.86831043418409337,1,1,1,0.43942422276410337,0,0,0,0.32568784022388853,0.52173098990921374,0.29054636929714839,1,1,1],[0,0.068393360620739807,1,0.068393360620739807,0.74794679924355634,1,1,1,0.63135375081592382,0,0.03753427281233495,0.03753427281233495,0,0.16529617667111993,0.46243130793865689,1,1,1],[0,0,1,0,0.75755963235550883,1,1,1,0.60885440507873478,0,0,0.03753427281233495,0,0.16529617667111993,0.503418149216112,1,1,1],[0,0.16529617667111993,0.700507010760774,0.068393360620739807,0.16529617667111993,0.43942422276410337,0.63135375081592382,0.60885440507873478,1,0,0.087874376711873176,0.16529617667111993,0.023750919969273782,0.10097928530584227,0.32568784022388853,0.63135375081592382,0.66946987211284359,0.068393360620739807],[0.0011011854936606555,0,0,0,0,0,0,0,0,1,0,0,0,0,0,0,0,0],[0,0.475391062573035,0.5442033162640002,0.29782427989471427,0,0,0.03753427281233495,0,0.087874376711873176,0,1,0.50967101368833356,0.29782427989471427,0.38738178682260033,0,0.03753427281233495,0.03753427281233495,0],[0,0.475391062573035,0.60074275976456537,0.23589722086215964,0.016392641167004989,0,0.03753427281233495,0.03753427281233495,0.16529617667111993,0,0.50967101368833356,1,0.20166435442006905,0.3578733656260219,0.029461036605717937,0.03753427281233495,0.10097928530584227,0],[0,0.53877983779138638,0.58348764142472931,0.43942422276410337,0.29054636929714839,0.32568784022388853,0,0,0.023750919969273782,0,0.29782427989471427,0.20166435442006905,1,0.76060379900416775,0.068393360620739807,0,0,0.43942422276410337],[0,0.64498740176247749,0.80869414296759312,0.63135375081592382,0.40570061213457737,0.52173098990921374,0.16529617667111993,0.16529617667111993,0.10097928530584227,0,0.38738178682260033,0.3578733656260219,0.76060379900416775,1,0.049501276671065977,0,0.32568784022388853,0.63135375081592382],[0,0.068393360620739807,0.46243130793865689,0.011999098976908526,0.10097928530584227,0.29054636929714839,0.46243130793865689,0.503418149216112,0.32568784022388853,0,0,0.029461036605717937,0.068393360620739807,0.049501276671065977,1,0.503418149216112,0.4837036383374641,0.068393360620739807],[0,0,1,0,0.74794679924355634,1,1,1,0.63135375081592382,0,0.03753427281233495,0.03753427281233495,0,0,0.503418149216112,1,1,1],[0,0.068393360620739807,1,0.068393360620739807,0.75755963235550883,1,1,1,0.66946987211284359,0,0.03753427281233495,0.10097928530584227,0,0.32568784022388853,0.4837036383374641,1,1,1],[0,0,1,0,0.86831043418409337,1,1,1,0.068393360620739807,0,0,0,0.43942422276410337,0.63135375081592382,0.068393360620739807,1,1,1]]}