{"matrix_with_context":[[1,0.041731412759274479,0.062004854184660993,0.010438766674641539,0,0,0,0,0,0,0,0,0.0048296546113252709,0,0,0,0],[0.041731412759274479,1,0.310450739056144,0.19148399940098593,0,0,0,0,0,0,0,0,0,0,0,0,0],[0.062004854184660993,0.310450739056144,1,0.16529617667111993,0,0,0,0.016392641167004989,0,0,0,0.011999098976908526,0,0,0.016392641167004989,0,0.016392641167004989],[0.010438766674641539,0.19148399940098593,0.16529617667111993,1,0,0.16529617667111993,0,0,0.023750919969273782,0,0.068393360620739807,0.16529617667111993,0.22473070243894697,0,0.16529617667111993,0.22473070243894697,0.22473070243894697],[0,0,0,0,1,1,0.90560488392429139,1,0.93197692469577953,0.87099219668878736,0.90833807169528191,0.91335582996733766,1,0.91993097384579448,1,1,1],[0,0,0,0.16529617667111993,1,1,0.92557890878718818,1,0.9440113212095137,0.87099219668878736,0.92190648315005508,0.93974732960849294,1,0.93048278580024735,1,1,1],[0,0,0,0,0.90560488392429139,0.92557890878718818,1,0.93048278580024735,0.85955267948711633,0.72625338056190414,0.81429444204748158,0.88906797073604538,0.90833807169528191,0.85955267948711633,0.92557890878718818,0.91566428005117884,0.91785296792380566],[0,0,0.016392641167004989,0,1,1,0.93048278580024735,1,0.91785296792380566,0.79641865773734644,0.87604121144607516,0.94300290984055279,1,0.91566428005117884,1,1,1],[0,0,0,0.023750919969273782,0.93197692469577953,0.9440113212095137,0.85955267948711633,0.91785296792380566,1,0.782466108322267,0.87604121144607516,0.89633202970679726,0.94938448091023209,0.89633202970679726,0.94592477446664147,0.95242816618006232,0.94498467729659308],[0,0,0,0,0.87099219668878736,0.87099219668878736,0.72625338056190414,0.79641865773734644,0.782466108322267,1,0.82929087416122771,0.700507010760774,0.88504069074476588,0.84205044201905843,0.81957697688458475,0.88504069074476588,0.87604121144607516],[0,0,0,0.068393360620739807,0.90833807169528191,0.92190648315005508,0.81429444204748158,0.87604121144607516,0.87604121144607516,0.82929087416122771,1,0.85955267948711633,0.94300290984055279,0.88071027878047436,0.92892155650183061,0.94195751511670334,0.93478051224678316],[0,0,0.011999098976908526,0.16529617667111993,0.91335582996733766,0.93974732960849294,0.88906797073604538,0.94300290984055279,0.89633202970679726,0.700507010760774,0.85955267948711633,1,0.9440113212095137,0.88906797073604538,0.95381676287276362,0.95018133510065639,0.95170208119026189],[0.0048296546113252709,0,0,0.22473070243894697,1,1,0.90833807169528191,1,0.94938448091023209,0.88504069074476588,0.94300290984055279,0.9440113212095137,1,0.95095349168693977,1,1,1],[0,0,0,0,0.91993097384579448,0.93048278580024735,0.85955267948711633,0.91566428005117884,0.89633202970679726,0.84205044201905843,0.88071027878047436,0.88906797073604538,0.95095349168693977,1,0.93974732960849294,0.95512660373950886,0.95095349168693977],[0,0,0.016392641167004989,0.16529617667111993,1,1,0.92557890878718818,1,0.94592477446664147,0.81957697688458475,0.92892155650183061,0.95381676287276362,1,0.93974732960849294,1,1,1],[0,0,0,0.22473070243894697,1,1,0.91566428005117884,1,0.95242816618006232,0.88504069074476588,0.94195751511670334,0.95018133510065639,1,0.95512660373950886,1,1,1],[0,0,0.016392641167004989,0.22473070243894697,1,1,0.91785296792380566,1,0.94498467729659308,0.87604121144607516,0.93478051224678316,0.95170208119026189,1,0.95095349168693977,1,1,1]],"matrix_without_context":[[1,0.37920794444445788,0.68049963816715942,0.068393360620739807,0.32568784022388853,0.16529617667111993,0,0,0,0,0.068393360620739807,0,0.16529617667111993,0.16529617667111993,0,0.32568784022388853,0],[0.37920794444445788,1,0.3578733656260219,0.0091647995840171727,0.11734011782473977,0.03753427281233495,0.0091647995840171727,0.0091647995840171727,0.0091647995840171727,0,0.0091647995840171727,0,0,0.011999098976908526,0,0.011999098976908526,0],[0.68049963816715942,0.3578733656260219,1,0,0.16529617667111993,0.068393360620739807,0,0,0,0.011999098976908526,0.10097928530584227,0,0.068393360620739807,0.068393360620739807,0,0.068393360620739807,0],[0.068393360620739807,0.0091647995840171727,0,1,0.32568784022388853,0.91785296792380566,0.85636909672498807,0.79641865773734644,0.87356703492623478,0.20166435442006905,0.75755963235550883,0.93478051224678316,0.9373622021676894,0.93857790629280613,0.94195751511670334,0.9440113212095137,0.93478051224678316],[0.32568784022388853,0.11734011782473977,0.16529617667111993,0.32568784022388853,1,0.72625338056190414,0.49700969553598839,0.46970564488467387,0.56470905735878529,0.068393360620739807,0.16529617667111993,0.58348764142472931,0.4837036383374641,0.43942422276410337,0.43942422276410337,0.58348764142472931,0.52173098990921374],[0.16529617667111993,0.03753427281233495,0.068393360620739807,0.91785296792380566,0.72625338056190414,1,0.93857790629280613,0.92892155650183061,0.9440113212095137,0.25218762567544,0.81957697688458475,1,1,1,1,1,1],[0,0.0091647995840171727,0,0.85636909672498807,0.49700969553598839,0.93857790629280613,1,0.89633202970679726,0.87842050966637164,0.20166435442006905,0.74794679924355634,0.95809770308056652,0.9237868937967405,0.92557890878718818,0.93197692469577953,0.9440113212095137,0.95313274630315326],[0,0.0091647995840171727,0,0.79641865773734644,0.46970564488467387,0.92892155650183061,0.89633202970679726,1,0.85303806821857564,0.20166435442006905,0.58348764142472931,0.9440113212095137,0.87099219668878736,0.87099219668878736,0.89961885562938126,0.9109175168146969,0.93340820557187709],[0,0.0091647995840171727,0,0.87356703492623478,0.56470905735878529,0.9440113212095137,0.87842050966637164,0.85303806821857564,1,0.20166435442006905,0.737544897130348,0.940873064963423,0.92190648315005508,0.91993097384579448,0.93197692469577953,0.93609741512283307,0.9373622021676894],[0,0,0.011999098976908526,0.20166435442006905,0.068393360620739807,0.25218762567544,0.20166435442006905,0.20166435442006905,0.20166435442006905,1,0.049501276671065977,0.25218762567544,0.25218762567544,0.3578733656260219,0.25218762567544,0.29054636929714839,0.21042811478322881],[0.068393360620739807,0.0091647995840171727,0.10097928530584227,0.75755963235550883,0.16529617667111993,0.81957697688458475,0.74794679924355634,0.58348764142472931,0.737544897130348,0.049501276671065977,1,0.90560488392429139,0.92892155650183061,0.91993097384579448,0.9237868937967405,0.92190648315005508,0.90833807169528191],[0,0,0,0.93478051224678316,0.58348764142472931,1,0.95809770308056652,0.9440113212095137,0.940873064963423,0.25218762567544,0.90560488392429139,1,1,1,1,1,1],[0.16529617667111993,0,0.068393360620739807,0.9373622021676894,0.4837036383374641,1,0.9237868937967405,0.87099219668878736,0.92190648315005508,0.25218762567544,0.92892155650183061,1,1,1,1,1,1],[0.16529617667111993,0.011999098976908526,0.068393360620739807,0.93857790629280613,0.43942422276410337,1,0.92557890878718818,0.87099219668878736,0.91993097384579448,0.3578733656260219,0.91993097384579448,1,1,1,1,1,1],[0,0,0,0.94195751511670334,0.43942422276410337,1,0.93197692469577953,0.89961885562938126,0.93197692469577953,0.25218762567544,0.9237868937967405,1,1,1,1,1,1],[0.32568784022388853,0.011999098976908526,0.068393360620739807,0.9440113212095137,0.58348764142472931,1,0.9440113212095137,0.9109175168146969,0.93609741512283307,0.29054636929714839,0.92190648315005508,1,1,1,1,1,1],[0,0,0,0.93478051224678316,0.52173098990921374,1,0.95313274630315326,0.93340820557187709,0.9373622021676894,0.21042811478322881,0.90833807169528191,1,1,1,1,1,1]]}