{"matrix_with_context":[[1,0.41074869606557912,0.26100126021657916,0.26793175283660747,0.29782427989471427,0.25218762567544,0.12709828237865858,0.049501276671065977,0.11734011782473977,0.068393360620739807,0.13356650750221294,0.13356650750221294,0.12709828237865858,0.068393360620739807,0.068393360620739807,0.068393360620739807,0.068393360620739807,0.03753427281233495,0.049501276671065977,0.068393360620739807,0.068393360620739807],[0.41074869606557912,1,0.23173853555738505,0.32568784022388853,0.38738178682260033,0.32568784022388853,0.21042811478322881,0.068393360620739807,0.10097928530584227,0.049501276671065977,0.20166435442006905,0.087874376711873176,0.16529617667111993,0.10097928530584227,0.10097928530584227,0.10097928530584227,0.10097928530584227,0.049501276671065977,0.068393360620739807,0.10097928530584227,0.10097928530584227],[0.26100126021657916,0.23173853555738505,1,0.27812910984475858,0.27812910984475858,0.20166435442006905,0.1957469410690782,0.13356650750221294,0.20166435442006905,0.11033862621988332,0.11033862621988332,0.19148399940098593,0.10097928530584227,0.16529617667111993,0.12709828237865858,0.12709828237865858,0.049501276671065977,0.082275448418156774,0.03753427281233495,0.049501276671065977,0.049501276671065977],[0.26793175283660747,0.32568784022388853,0.27812910984475858,1,0.80869414296759312,0.85303806821857564,0.65143769059785506,0.38738178682260033,0.43942422276410337,0.49700969553598839,0.60074275976456537,0.32568784022388853,0.700507010760774,0.66946987211284359,0.66946987211284359,0.72625338056190414,0.700507010760774,0.22473070243894697,0.4837036383374641,0.58348764142472931,0.63135375081592382],[0.29782427989471427,0.38738178682260033,0.27812910984475858,0.80869414296759312,1,0.89282284594887551,0.63135375081592382,0.38738178682260033,0.43942422276410337,0.5442033162640002,0.718173939325141,0.22473070243894697,0.75755963235550883,0.58348764142472931,0.66946987211284359,0.700507010760774,0.83801418019047558,0.27812910984475858,0.60885440507873478,0.72625338056190414,0.74794679924355634],[0.25218762567544,0.32568784022388853,0.20166435442006905,0.85303806821857564,0.89282284594887551,1,0.79641865773734644,0.66946987211284359,1,0.71395404202537516,0.84589079041384407,0.4837036383374641,0.88504069074476588,1,1,1,1,0.4837036383374641,0.85303806821857564,1,1],[0.12709828237865858,0.21042811478322881,0.1957469410690782,0.65143769059785506,0.63135375081592382,0.79641865773734644,1,0.71395404202537516,0.80869414296759312,0.718173939325141,0.64498740176247749,0.58348764142472931,0.84954912628525936,0.88071027878047436,0.87604121144607516,0.85955267948711633,0.84589079041384407,0.52173098990921374,0.63135375081592382,0.79641865773734644,0.76646943453263383],[0.049501276671065977,0.068393360620739807,0.13356650750221294,0.38738178682260033,0.38738178682260033,0.66946987211284359,0.71395404202537516,1,0.9373622021676894,0.81246436674032907,0.52173098990921374,0.74110574870396628,0.737544897130348,0.9373622021676894,0.93609741512283307,0.93048278580024735,0.91785296792380566,0.76646943453263383,0.79641865773734644,0.88906797073604538,0.89633202970679726],[0.11734011782473977,0.10097928530584227,0.20166435442006905,0.43942422276410337,0.43942422276410337,1,0.80869414296759312,0.9373622021676894,1,0.87356703492623478,0.55468612964981845,0.82929087416122771,0.81957697688458475,1,1,1,1,0.81957697688458475,0.86551495514281218,1,1],[0.068393360620739807,0.049501276671065977,0.11033862621988332,0.49700969553598839,0.5442033162640002,0.71395404202537516,0.718173939325141,0.81246436674032907,0.87356703492623478,1,0.66069038817449055,0.67781107701750676,0.81246436674032907,0.87842050966637164,0.88291547371230727,0.87604121144607516,0.88709019935752786,0.70738370698597275,0.76646943453263383,0.83801418019047558,0.84205044201905843],[0.13356650750221294,0.20166435442006905,0.11033862621988332,0.60074275976456537,0.718173939325141,0.84589079041384407,0.64498740176247749,0.52173098990921374,0.55468612964981845,0.66069038817449055,1,0.46243130793865689,0.76646943453263383,0.65143769059785506,0.66946987211284359,0.68574563429279045,0.83801418019047558,0.43942422276410337,0.74110574870396628,0.80869414296759312,0.81429444204748158],[0.13356650750221294,0.087874376711873176,0.19148399940098593,0.32568784022388853,0.22473070243894697,0.4837036383374641,0.58348764142472931,0.74110574870396628,0.82929087416122771,0.67781107701750676,0.46243130793865689,1,0.61664838769664443,0.78967270465186667,0.79641865773734644,0.76646943453263383,0.74794679924355634,0.60885440507873478,0.5442033162640002,0.68574563429279045,0.65143769059785506],[0.12709828237865858,0.16529617667111993,0.10097928530584227,0.700507010760774,0.75755963235550883,0.88504069074476588,0.84954912628525936,0.737544897130348,0.81957697688458475,0.81246436674032907,0.76646943453263383,0.61664838769664443,1,0.90270379534291678,0.89961885562938126,0.89282284594887551,0.91566428005117884,0.5442033162640002,0.74794679924355634,0.85955267948711633,0.85955267948711633],[0.068393360620739807,0.10097928530584227,0.16529617667111993,0.66946987211284359,0.58348764142472931,1,0.88071027878047436,0.9373622021676894,1,0.87842050966637164,0.65143769059785506,0.78967270465186667,0.90270379534291678,1,1,1,1,0.8337666549946805,0.89633202970679726,1,1],[0.068393360620739807,0.10097928530584227,0.12709828237865858,0.66946987211284359,0.66946987211284359,1,0.87604121144607516,0.93609741512283307,1,0.88291547371230727,0.66946987211284359,0.79641865773734644,0.89961885562938126,1,1,1,1,0.83801418019047558,0.89961885562938126,1,1],[0.068393360620739807,0.10097928530584227,0.12709828237865858,0.72625338056190414,0.700507010760774,1,0.85955267948711633,0.93048278580024735,1,0.87604121144607516,0.68574563429279045,0.76646943453263383,0.89282284594887551,1,1,1,1,0.87099219668878736,0.91993097384579448,1,1],[0.068393360620739807,0.10097928530584227,0.049501276671065977,0.700507010760774,0.83801418019047558,1,0.84589079041384407,0.91785296792380566,1,0.88709019935752786,0.83801418019047558,0.74794679924355634,0.91566428005117884,1,1,1,1,0.87099219668878736,0.94856172512354742,1,1],[0.03753427281233495,0.049501276671065977,0.082275448418156774,0.22473070243894697,0.27812910984475858,0.4837036383374641,0.52173098990921374,0.76646943453263383,0.81957697688458475,0.70738370698597275,0.43942422276410337,0.60885440507873478,0.5442033162640002,0.8337666549946805,0.83801418019047558,0.87099219668878736,0.87099219668878736,1,0.79197031841522392,0.85636909672498807,0.85955267948711633],[0.049501276671065977,0.068393360620739807,0.03753427281233495,0.4837036383374641,0.60885440507873478,0.85303806821857564,0.63135375081592382,0.79641865773734644,0.86551495514281218,0.76646943453263383,0.74110574870396628,0.5442033162640002,0.74794679924355634,0.89633202970679726,0.89961885562938126,0.91993097384579448,0.94856172512354742,0.79197031841522392,1,0.94856172512354742,0.95381676287276362],[0.068393360620739807,0.10097928530584227,0.049501276671065977,0.58348764142472931,0.72625338056190414,1,0.79641865773734644,0.88906797073604538,1,0.83801418019047558,0.80869414296759312,0.68574563429279045,0.85955267948711633,1,1,1,1,0.85636909672498807,0.94856172512354742,1,1],[0.068393360620739807,0.10097928530584227,0.049501276671065977,0.63135375081592382,0.74794679924355634,1,0.76646943453263383,0.89633202970679726,1,0.84205044201905843,0.81429444204748158,0.65143769059785506,0.85955267948711633,1,1,1,1,0.85955267948711633,0.95381676287276362,1,1]],"matrix_without_context":[[1,0.10602120046950696,0.10097928530584227,0.011999098976908526,0,0,0,0.12709828237865858,0.068393360620739807,0,0,0,0,0.011999098976908526,0,0.016392641167004989,0,0,0,0,0],[0.10602120046950696,1,0.019560431003895665,0.0058489631431305625,0,0,0.0040555704522478525,0.023750919969273782,0,0,0,0,0,0,0,0,0,0,0,0,0],[0.10097928530584227,0.019560431003895665,1,0.25218762567544,0.16529617667111993,0,0.25218762567544,0.91785296792380566,0.82929087416122771,0.58348764142472931,0,0.782466108322267,0.63135375081592382,0.4837036383374641,0.63135375081592382,0.52173098990921374,0.25218762567544,0.16529617667111993,0,0,0],[0.011999098976908526,0.0058489631431305625,0.25218762567544,1,0.88504069074476588,0.700507010760774,0.16529617667111993,0.63135375081592382,0.43942422276410337,0.79641865773734644,0.52173098990921374,0.76646943453263383,0.87604121144607516,0.38738178682260033,0.84589079041384407,0.74794679924355634,0.75755963235550883,0.32568784022388853,0.16529617667111993,0.32568784022388853,0.25218762567544],[0,0,0.16529617667111993,0.88504069074476588,1,1,0.32568784022388853,1,0.43942422276410337,0.93197692469577953,0.82929087416122771,1,1,0.79641865773734644,1,1,0.93197692469577953,0.72625338056190414,1,0.700507010760774,0.700507010760774],[0,0,0,0.700507010760774,1,1,0.10097928530584227,1,0,0.84589079041384407,0.92190648315005508,1,1,0.32568784022388853,1,1,0.85303806821857564,0.32568784022388853,1,0.89633202970679726,0.89633202970679726],[0,0.0040555704522478525,0.25218762567544,0.16529617667111993,0.32568784022388853,0.10097928530584227,1,0.367993311389692,0.16529617667111993,0.29054636929714839,0.068393360620739807,0.27812910984475858,0.52173098990921374,0.4837036383374641,0.46970564488467387,0.27812910984475858,0.29054636929714839,0.068393360620739807,0.03753427281233495,0.023750919969273782,0.023750919969273782],[0.12709828237865858,0.023750919969273782,0.91785296792380566,0.63135375081592382,1,1,0.367993311389692,1,0.92190648315005508,0.81957697688458475,0,1,1,0.74794679924355634,1,1,0.72625338056190414,0.43942422276410337,0,0,0],[0.068393360620739807,0,0.82929087416122771,0.43942422276410337,0.43942422276410337,0,0.16529617667111993,0.92190648315005508,1,0.66946987211284359,0,0.85303806821857564,0.63135375081592382,0.43942422276410337,0.66946987211284359,0.700507010760774,0.38738178682260033,0.25218762567544,0,0,0],[0,0,0.58348764142472931,0.79641865773734644,0.93197692469577953,0.84589079041384407,0.29054636929714839,0.81957697688458475,0.66946987211284359,1,0.68574563429279045,0.88504069074476588,0.93478051224678316,0.71395404202537516,0.91566428005117884,0.90270379534291678,0.88504069074476588,0.63135375081592382,0.52173098990921374,0.4837036383374641,0.38738178682260033],[0,0,0,0.52173098990921374,0.82929087416122771,0.92190648315005508,0.068393360620739807,0,0,0.68574563429279045,1,0.58348764142472931,0.782466108322267,0.068393360620739807,0.63135375081592382,0.63135375081592382,0.75755963235550883,0.4837036383374641,0.91993097384579448,0.85303806821857564,0.85303806821857564],[0,0,0.782466108322267,0.76646943453263383,1,1,0.27812910984475858,1,0.85303806821857564,0.88504069074476588,0.58348764142472931,1,1,0.76646943453263383,1,1,0.88504069074476588,0.88504069074476588,1,0.58348764142472931,0.52173098990921374],[0,0,0.63135375081592382,0.87604121144607516,1,1,0.52173098990921374,1,0.63135375081592382,0.93478051224678316,0.782466108322267,1,1,0.83801418019047558,1,1,0.9237868937967405,0.700507010760774,1,0.63135375081592382,0.63135375081592382],[0.011999098976908526,0,0.4837036383374641,0.38738178682260033,0.79641865773734644,0.32568784022388853,0.4837036383374641,0.74794679924355634,0.43942422276410337,0.71395404202537516,0.068393360620739807,0.76646943453263383,0.83801418019047558,1,0.90270379534291678,0.89961885562938126,0.77475024407828419,0.55468612964981845,0,0,0],[0,0,0.63135375081592382,0.84589079041384407,1,1,0.46970564488467387,1,0.66946987211284359,0.91566428005117884,0.63135375081592382,1,1,0.90270379534291678,1,1,0.92892155650183061,0.83801418019047558,1,0.32568784022388853,0.32568784022388853],[0.016392641167004989,0,0.52173098990921374,0.74794679924355634,1,1,0.27812910984475858,1,0.700507010760774,0.90270379534291678,0.63135375081592382,1,1,0.89961885562938126,1,1,0.92190648315005508,0.89961885562938126,1,0.43942422276410337,0.52173098990921374],[0,0,0.25218762567544,0.75755963235550883,0.93197692469577953,0.85303806821857564,0.29054636929714839,0.72625338056190414,0.38738178682260033,0.88504069074476588,0.75755963235550883,0.88504069074476588,0.9237868937967405,0.77475024407828419,0.92892155650183061,0.92190648315005508,1,0.700507010760774,0.76646943453263383,0.66946987211284359,0.65143769059785506],[0,0,0.16529617667111993,0.32568784022388853,0.72625338056190414,0.32568784022388853,0.068393360620739807,0.43942422276410337,0.25218762567544,0.63135375081592382,0.4837036383374641,0.88504069074476588,0.700507010760774,0.55468612964981845,0.83801418019047558,0.89961885562938126,0.700507010760774,1,0.63135375081592382,0.52173098990921374,0.52173098990921374],[0,0,0,0.16529617667111993,1,1,0.03753427281233495,0,0,0.52173098990921374,0.91993097384579448,1,1,0,1,1,0.76646943453263383,0.63135375081592382,1,0.93609741512283307,0.93857790629280613],[0,0,0,0.32568784022388853,0.700507010760774,0.89633202970679726,0.023750919969273782,0,0,0.4837036383374641,0.85303806821857564,0.58348764142472931,0.63135375081592382,0,0.32568784022388853,0.43942422276410337,0.66946987211284359,0.52173098990921374,0.93609741512283307,1,0.88504069074476588],[0,0,0,0.25218762567544,0.700507010760774,0.89633202970679726,0.023750919969273782,0,0,0.38738178682260033,0.85303806821857564,0.52173098990921374,0.63135375081592382,0,0.32568784022388853,0.52173098990921374,0.65143769059785506,0.52173098990921374,0.93857790629280613,0.88504069074476588,1]]}