{"matrix_with_context":[[1,1,0.74794679924355634,1,1,0.83801418019047558,0.83801418019047558,0.88906797073604538,1,1,0.16529617667111993,1,1,0.66946987211284359,1,0.32568784022388853,0,0],[1,1,0.74794679924355634,1,1,0.83801418019047558,0.83801418019047558,0.88906797073604538,1,1,0.10097928530584227,1,1,0.58348764142472931,1,0.32568784022388853,0,0],[0.74794679924355634,0.74794679924355634,1,0.70960684217289294,0.56470905735878529,0.5695571072448129,0.58348764142472931,0.503418149216112,0.56470905735878529,0.40570061213457737,0.068393360620739807,0.40570061213457737,0.10097928530584227,0.29054636929714839,0.16529617667111993,0.26793175283660747,0,0.023750919969273782],[1,1,0.70960684217289294,1,1,0.88504069074476588,0.88906797073604538,0.91566428005117884,1,1,0.16529617667111993,1,1,0.52173098990921374,1,0.52173098990921374,0,0.16529617667111993],[1,1,0.56470905735878529,1,1,0.85303806821857564,0.85303806821857564,0.93974732960849294,1,1,0.43942422276410337,1,1,0.16529617667111993,1,0.4837036383374641,1,0.76646943453263383],[0.83801418019047558,0.83801418019047558,0.5695571072448129,0.88504069074476588,0.85303806821857564,1,0.87099219668878736,0.75755963235550883,0.84589079041384407,0.72625338056190414,0.25218762567544,0.66946987211284359,0.32568784022388853,0.52173098990921374,0.43942422276410337,0.60074275976456537,0.32568784022388853,0.25218762567544],[0.83801418019047558,0.83801418019047558,0.58348764142472931,0.88906797073604538,0.85303806821857564,0.87099219668878736,1,0.75755963235550883,0.84589079041384407,0.72625338056190414,0.25218762567544,0.66946987211284359,0.32568784022388853,0.55468612964981845,0.43942422276410337,0.61664838769664443,0.32568784022388853,0.25218762567544],[0.88906797073604538,0.88906797073604538,0.503418149216112,0.91566428005117884,0.93974732960849294,0.75755963235550883,0.75755963235550883,1,0.93857790629280613,0.63135375081592382,0.32568784022388853,0.16529617667111993,0.16529617667111993,0.16529617667111993,0.32568784022388853,0.40570061213457737,0.72625338056190414,0.58348764142472931],[1,1,0.56470905735878529,1,1,0.84589079041384407,0.84589079041384407,0.93857790629280613,1,1,0.46970564488467387,1,1,0.32568784022388853,1,0.52173098990921374,1,0.76646943453263383],[1,1,0.40570061213457737,1,1,0.72625338056190414,0.72625338056190414,0.63135375081592382,1,1,0.84589079041384407,1,1,0.9440113212095137,1,0.85303806821857564,1,0.85955267948711633],[0.16529617667111993,0.10097928530584227,0.068393360620739807,0.16529617667111993,0.43942422276410337,0.25218762567544,0.25218762567544,0.32568784022388853,0.46970564488467387,0.84589079041384407,1,0.8261709826888769,0.81957697688458475,0.782466108322267,0.81608923673222156,0.66946987211284359,0.68049963816715942,0.58348764142472931],[1,1,0.40570061213457737,1,1,0.66946987211284359,0.66946987211284359,0.16529617667111993,1,1,0.8261709826888769,1,1,0.94771178421162194,1,0.8337666549946805,1,0.81957697688458475],[1,1,0.10097928530584227,1,1,0.32568784022388853,0.32568784022388853,0.16529617667111993,1,1,0.81957697688458475,1,1,0.93609741512283307,1,0.8337666549946805,1,0.82929087416122771],[0.66946987211284359,0.58348764142472931,0.29054636929714839,0.52173098990921374,0.16529617667111993,0.52173098990921374,0.55468612964981845,0.16529617667111993,0.32568784022388853,0.9440113212095137,0.782466108322267,0.94771178421162194,0.93609741512283307,1,0.93478051224678316,0.782466108322267,0.83801418019047558,0.68574563429279045],[1,1,0.16529617667111993,1,1,0.43942422276410337,0.43942422276410337,0.32568784022388853,1,1,0.81608923673222156,1,1,0.93478051224678316,1,0.82929087416122771,1,0.83801418019047558],[0.32568784022388853,0.32568784022388853,0.26793175283660747,0.52173098990921374,0.4837036383374641,0.60074275976456537,0.61664838769664443,0.40570061213457737,0.52173098990921374,0.85303806821857564,0.66946987211284359,0.8337666549946805,0.8337666549946805,0.782466108322267,0.82929087416122771,1,0.78967270465186667,0.69082370811937455],[0,0,0,0,1,0.32568784022388853,0.32568784022388853,0.72625338056190414,1,1,0.68049963816715942,1,1,0.83801418019047558,1,0.78967270465186667,1,0.93340820557187709],[0,0,0.023750919969273782,0.16529617667111993,0.76646943453263383,0.25218762567544,0.25218762567544,0.58348764142472931,0.76646943453263383,0.85955267948711633,0.58348764142472931,0.81957697688458475,0.82929087416122771,0.68574563429279045,0.83801418019047558,0.69082370811937455,0.93340820557187709,1]],"matrix_without_context":[[1,0.93478051224678316,0.9237868937967405,0.16529617667111993,0.068393360620739807,0.81957697688458475,0.76646943453263383,0.16529617667111993,0.16529617667111993,0.85636909672498807,0.27178351098514891,0.87356703492623478,0.85303806821857564,0.41074869606557912,0.88906797073604538,0.43942422276410337,0.068393360620739807,0.16529617667111993],[0.93478051224678316,1,1,0.16529617667111993,0.16529617667111993,1,0.82929087416122771,1,1,0.89961885562938126,0.11033862621988332,0.9373622021676894,1,0.42302470364712408,1,0.46243130793865689,0.32568784022388853,1],[0.9237868937967405,1,1,0.27812910984475858,0.16529617667111993,1,0.87099219668878736,1,1,0.89961885562938126,0.16529617667111993,0.91785296792380566,1,0.40570061213457737,1,0.55468612964981845,0.16529617667111993,1],[0.16529617667111993,0.16529617667111993,0.27812910984475858,1,0.4837036383374641,0.64498740176247749,0.52173098990921374,0.700507010760774,0.52173098990921374,0.21042811478322881,0.049501276671065977,0.11734011782473977,0.22473070243894697,0.0058489631431305625,0.16529617667111993,0.28526904819372234,0.46243130793865689,0.56470905735878529],[0.068393360620739807,0.16529617667111993,0.16529617667111993,0.4837036383374641,1,0.74794679924355634,0.52173098990921374,0.89633202970679726,0.9237868937967405,0.068393360620739807,0.023750919969273782,0.068393360620739807,0.16529617667111993,0,0.16529617667111993,0.20166435442006905,0.86551495514281218,0.92728861586556688],[0.81957697688458475,1,1,0.64498740176247749,0.74794679924355634,1,0.93197692469577953,1,1,0.85955267948711633,0.13816512106135553,0.700507010760774,1,0.16529617667111993,1,0.70738370698597275,0.74794679924355634,1],[0.76646943453263383,0.82929087416122771,0.87099219668878736,0.52173098990921374,0.52173098990921374,0.93197692469577953,1,0.79641865773734644,0.700507010760774,0.782466108322267,0.16529617667111993,0.68574563429279045,0.80869414296759312,0.19148399940098593,0.82929087416122771,0.63135375081592382,0.52173098990921374,0.700507010760774],[0.16529617667111993,1,1,0.700507010760774,0.89633202970679726,1,0.79641865773734644,1,1,0.32568784022388853,0.029461036605717937,0.16529617667111993,1,0,1,0.4144824997410867,0.90270379534291678,1],[0.16529617667111993,1,1,0.52173098990921374,0.9237868937967405,1,0.700507010760774,1,1,0.16529617667111993,0.029461036605717937,0.16529617667111993,1,0,1,0.21042811478322881,0.93857790629280613,1],[0.85636909672498807,0.89961885562938126,0.89961885562938126,0.21042811478322881,0.068393360620739807,0.85955267948711633,0.782466108322267,0.32568784022388853,0.16529617667111993,1,0.27178351098514891,0.81429444204748158,0.82929087416122771,0.305986602951492,0.87099219668878736,0.49176719594574542,0.16529617667111993,0.16529617667111993],[0.27178351098514891,0.11033862621988332,0.16529617667111993,0.049501276671065977,0.023750919969273782,0.13816512106135553,0.16529617667111993,0.029461036605717937,0.029461036605717937,0.27178351098514891,1,0.18826721087667056,0.19148399940098593,0.075842692342781251,0.26348866736294896,0.042891985515912841,0.023750919969273782,0.029461036605717937],[0.87356703492623478,0.9373622021676894,0.91785296792380566,0.11734011782473977,0.068393360620739807,0.700507010760774,0.68574563429279045,0.16529617667111993,0.16529617667111993,0.81429444204748158,0.18826721087667056,1,0.782466108322267,0.42542252352855342,0.84589079041384407,0.35165932462127825,0.16529617667111993,0.16529617667111993],[0.85303806821857564,1,1,0.22473070243894697,0.16529617667111993,1,0.80869414296759312,1,1,0.82929087416122771,0.19148399940098593,0.782466108322267,1,0.22473070243894697,1,0.16529617667111993,0.16529617667111993,1],[0.41074869606557912,0.42302470364712408,0.40570061213457737,0.0058489631431305625,0,0.16529617667111993,0.19148399940098593,0,0,0.305986602951492,0.075842692342781251,0.42542252352855342,0.22473070243894697,1,0.27812910984475858,0.12709828237865858,0,0],[0.88906797073604538,1,1,0.16529617667111993,0.16529617667111993,1,0.82929087416122771,1,1,0.87099219668878736,0.26348866736294896,0.84589079041384407,1,0.27812910984475858,1,0.29054636929714839,0.32568784022388853,1],[0.43942422276410337,0.46243130793865689,0.55468612964981845,0.28526904819372234,0.20166435442006905,0.70738370698597275,0.63135375081592382,0.4144824997410867,0.21042811478322881,0.49176719594574542,0.042891985515912841,0.35165932462127825,0.16529617667111993,0.12709828237865858,0.29054636929714839,1,0.16529617667111993,0.21042811478322881],[0.068393360620739807,0.32568784022388853,0.16529617667111993,0.46243130793865689,0.86551495514281218,0.74794679924355634,0.52173098990921374,0.90270379534291678,0.93857790629280613,0.16529617667111993,0.023750919969273782,0.16529617667111993,0.16529617667111993,0,0.32568784022388853,0.16529617667111993,1,0.94300290984055279],[0.16529617667111993,1,1,0.56470905735878529,0.92728861586556688,1,0.700507010760774,1,1,0.16529617667111993,0.029461036605717937,0.16529617667111993,1,0,1,0.21042811478322881,0.94300290984055279,1]]}